country|packed
Afghanistan|06-20:0,0,0,0 07-13:0,0,0,0 08-05:0,0,0,0 08-17:0,0,0,0
Albania|05-14:0,0,0,0 05-23:0,0,0,0 05-24:1,1,0,0 06-03:0,0,1,0 06-04:0,0,1,0 06-05:0,0,1,1 06-21:1,0,0,0 06-24:0,0,0,0 06-25:0,0,0,0 06-29:0,0,0,0 07-03:0,0,0,0 07-08:0,0,0,0 07-09:0,0,0,0 07-11:0,0,0,0 07-13:0,0,0,0 07-14:0,0,0,0 07-18:0,0,2,1 07-19:0,0,0,0 07-20:0,0,0,0 07-21:0,0,0,0 07-22:0,0,0,0 07-23:0,0,0,0 07-24:0,0,0,0 07-25:0,0,0,0 07-27:0,0,0,0 07-28:0,0,0,0 07-30:0,0,0,0 07-31:0,0,0,0 08-05:0,0,0,0 08-06:0,0,0,0 08-08:0,0,0,0 08-10:0,0,2,2 08-14:0,0,0,0 08-17:0,0,0,0 08-22:0,0,0,0
Algeria|05-14:0,0,0,0 05-23:0,0,0,0 05-24:0,0,1,0 05-25:0,0,0,0 05-29:0,0,0,0 06-02:0,0,0,0 06-03:0,0,0,0 06-04:0,0,0,0 06-05:0,0,0,0 06-06:0,0,0,0 06-07:0,0,0,0 06-08:0,0,0,0 06-11:0,0,0,0 06-19:0,0,0,0 06-20:0,0,1,1 06-23:0,0,0,0 06-25:0,0,0,0 06-27:0,0,0,0 06-30:1,0,0,0 07-01:0,0,0,0 07-02:0,0,0,0 07-03:0,0,0,0 07-04:0,0,0,0 07-06:0,0,0,0 07-07:0,0,0,0 07-08:0,0,0,0 07-09:0,0,0,0 07-11:0,0,0,0 07-12:0,0,0,0 07-14:0,0,0,0 07-17:0,0,0,0 07-20:0,0,0,0 07-21:0,0,0,0 07-22:0,0,0,0 07-23:0,0,0,0 07-27:0,0,0,0 07-29:0,0,1,0 08-01:0,0,0,0 08-02:0,0,0,0 08-04:0,0,0,0 08-07:0,0,0,0 08-08:0,0,2,2 08-10:0,0,1,0 08-11:0,0,0,0 08-15:0,0,1,1 08-18:0,0,0,0 08-20:0,0,0,0 08-22:0,0,0,0 08-24:0,0,0,0 08-25:0,0,0,0 08-26:0,0,1,1 08-27:0,0,0,0
Angola|05-14:0,0,0,0 05-21:0,0,0,0 05-27:0,0,0,0 06-25:0,0,0,0 06-26:0,0,0,0 06-27:0,0,0,0 06-28:0,0,1,0 06-30:0,0,1,0 07-01:0,0,0,0 08-26:0,0,0,0
Argentina|05-13:0,0,0,0 05-14:0,0,1,0 05-15:0,0,6,6 05-16:1,0,17,11 05-17:0,0,2,1 05-18:0,0,5,0 05-19:0,0,0,0 05-20:0,0,0,0 05-21:0,0,0,0 05-22:0,0,0,0 05-23:1,0,0,0 05-24:0,0,0,0 05-25:0,0,0,0 05-26:0,0,0,0 05-27:0,0,0,0 05-28:0,0,4,0 05-29:0,0,2,0 05-30:0,0,0,0 05-31:0,0,0,0 06-01:0,0,1,0 06-02:0,0,2,0 06-03:0,0,7,4 06-04:0,0,9,7 06-05:1,0,9,3 06-06:1,0,8,0 06-07:0,0,20,14 06-08:0,0,15,11 06-09:0,0,2,0 06-10:0,0,2,0 06-11:0,0,7,0 06-12:0,0,3,0 06-13:1,0,16,4 06-14:0,0,3,1 06-15:1,0,4,0 06-16:0,0,2,1 06-17:0,0,7,0 06-18:0,0,2,0 06-19:1,0,1,0 06-20:0,0,3,0 06-21:0,0,0,0 06-22:0,0,3,3 06-23:0,0,2,0 06-24:0,0,7,2 06-25:0,0,6,3 06-26:0,0,4,2 06-27:0,0,0,0 06-28:0,0,3,0 06-29:0,0,0,0 06-30:0,0,2,0 07-01:0,0,4,1 07-02:0,0,10,5 07-03:0,0,5,2 07-04:0,0,1,0 07-05:0,0,2,0 07-06:0,0,9,4 07-07:0,0,1,0 07-08:0,0,6,0 07-09:0,0,3,1 07-10:0,0,15,14 07-11:0,0,8,8 07-12:0,0,6,6 07-13:0,0,6,5 07-14:0,0,8,1 07-15:0,0,13,12 07-16:0,0,0,0 07-17:0,0,3,2 07-18:1,0,3,0 07-19:0,0,1,1 07-20:0,0,0,0 07-21:0,0,5,3 07-22:0,0,0,0 07-23:0,0,0,0 07-24:0,0,0,0 07-25:0,0,1,0 07-26:0,0,2,2 07-27:0,0,0,0 07-28:0,0,0,0 07-29:0,0,0,0 07-30:0,0,0,0 07-31:0,0,1,0 08-01:0,0,1,0 08-02:0,0,6,5 08-03:0,0,4,3 08-04:0,0,0,0 08-05:0,0,1,1 08-06:0,0,0,0 08-07:0,0,2,2 08-08:0,0,7,5 08-10:0,0,6,2 08-11:0,0,4,4 08-12:0,0,1,1 08-13:0,0,4,1 08-14:0,0,0,0 08-15:0,0,4,1 08-16:0,0,0,0 08-17:1,0,0,0 08-18:0,0,1,1 08-19:0,0,2,1 08-20:0,0,0,0 08-21:0,0,0,0 08-22:0,0,0,0 08-24:0,0,1,1 08-28:0,0,0,0
Armenia|05-13:0,0,1,0 05-14:0,0,0,0 05-16:0,0,0,0 05-18:0,0,0,0 05-27:0,0,0,0 05-29:0,0,1,1 05-31:0,0,0,0 06-01:0,0,1,1 06-02:0,0,0,0 06-03:0,0,0,0 06-11:0,0,0,0 06-12:0,0,0,0 06-19:0,0,0,0 06-20:0,0,0,0 06-23:0,0,0,0 06-27:0,0,0,0 07-02:0,0,0,0 07-12:0,0,0,0 07-14:0,0,0,0 07-17:0,0,0,0 07-22:0,0,0,0 07-28:0,0,0,0 07-30:0,0,0,0 08-01:0,0,0,0 08-13:0,0,1,1 08-16:0,0,1,1 08-22:0,0,0,0
Australia|05-13:0,0,0,0 05-14:1,0,0,0 05-15:0,0,0,0 05-16:0,0,0,0 05-17:1,1,2,0 05-18:1,0,0,0 05-19:0,0,0,0 05-20:0,0,1,0 05-21:0,0,0,0 05-22:0,0,0,0 05-23:0,0,0,0 05-24:0,0,0,0 05-25:0,0,0,0 05-26:1,0,1,0 05-27:0,0,1,0 05-28:0,0,0,0 05-29:0,0,0,0 05-30:0,0,1,1 05-31:0,0,0,0 06-01:0,0,1,0 06-02:1,0,0,0 06-03:0,0,0,0 06-04:0,0,0,0 06-05:1,1,0,0 06-06:0,0,0,0 06-07:0,0,2,1 06-08:0,0,1,0 06-09:0,0,2,0 06-10:1,0,0,0 06-11:1,1,1,1 06-12:0,0,0,0 06-13:1,0,1,1 06-14:1,1,0,0 06-15:0,0,0,0 06-16:0,0,0,0 06-17:0,0,0,0 06-18:0,0,0,0 06-19:2,1,1,0 06-20:0,0,0,0 06-21:0,0,0,0 06-22:0,0,1,1 06-23:0,0,2,2 06-24:1,0,0,0 06-25:1,0,2,0 06-26:0,0,0,0 06-27:0,0,0,0 06-28:0,0,0,0 06-29:0,0,1,0 06-30:0,0,1,0 07-01:0,0,0,0 07-02:0,0,2,1 07-03:1,1,0,0 07-04:1,0,1,0 07-05:0,0,0,0 07-06:2,0,2,0 07-07:0,0,0,0 07-08:0,0,1,0 07-09:0,0,0,0 07-10:3,1,0,0 07-11:1,0,0,0 07-12:1,1,0,0 07-13:0,0,0,0 07-14:0,0,1,0 07-15:0,0,0,0 07-16:2,1,1,0 07-17:0,0,0,0 07-18:0,0,0,0 07-19:0,0,2,1 07-20:0,0,1,1 07-21:0,0,0,0 07-22:0,0,1,1 07-23:0,0,0,0 07-24:0,0,0,0 07-25:0,0,1,1 07-26:0,0,1,0 07-27:0,0,1,1 07-28:0,0,0,0 07-29:0,0,2,2 07-30:0,0,0,0 07-31:0,0,0,0 08-01:1,0,0,0 08-02:0,0,1,1 08-03:0,0,0,0 08-05:0,0,0,0 08-06:0,0,0,0 08-07:1,0,0,0 08-08:1,0,0,0 08-10:0,0,0,0 08-11:0,0,0,0 08-12:0,0,1,0 08-13:0,0,0,0 08-14:0,0,0,0 08-15:0,0,0,0 08-16:0,0,0,0 08-17:0,0,0,0 08-18:0,0,0,0 08-19:0,0,1,1 08-20:0,0,0,0 08-21:1,0,2,0 08-22:0,0,0,0 08-23:0,0,0,0 08-25:0,0,0,0 08-27:0,0,1,1 08-28:0,0,0,0 08-29:0,0,0,0
Austria|05-13:0,0,0,0 05-14:0,0,0,0 05-15:0,0,0,0 05-16:0,0,0,0 05-17:0,0,0,0 05-19:0,0,0,0 05-20:0,0,2,2 05-21:0,0,0,0 05-22:0,0,0,0 05-24:1,1,1,1 05-25:0,0,0,0 05-26:0,0,0,0 05-27:0,0,0,0 05-28:0,0,0,0 05-29:0,0,0,0 05-30:2,1,0,0 05-31:0,0,1,1 06-01:0,0,0,0 06-02:0,0,2,2 06-03:1,0,0,0 06-04:0,0,0,0 06-05:0,0,0,0 06-06:0,0,1,0 06-07:0,0,0,0 06-08:0,0,0,0 06-09:0,0,0,0 06-10:0,0,1,1 06-11:1,1,1,1 06-12:0,0,0,0 06-13:0,0,0,0 06-14:1,1,0,0 06-15:0,0,0,0 06-16:0,0,0,0 06-17:0,0,0,0 06-18:0,0,2,2 06-19:0,0,0,0 06-20:1,1,0,0 06-21:0,0,0,0 06-22:0,0,0,0 06-23:0,0,1,1 06-24:0,0,1,1 06-25:0,0,0,0 06-26:0,0,1,1 06-27:0,0,0,0 06-28:0,0,1,0 06-29:0,0,0,0 06-30:1,1,0,0 07-01:1,0,2,2 07-02:1,0,0,0 07-03:0,0,0,0 07-04:1,1,0,0 07-05:1,1,1,1 07-06:1,0,0,0 07-07:0,0,0,0 07-08:0,0,2,2 07-09:1,1,1,1 07-10:0,0,1,1 07-11:2,1,0,0 07-12:1,0,0,0 07-13:0,0,2,1 07-14:0,0,0,0 07-15:2,0,1,0 07-16:1,1,1,1 07-17:1,1,0,0 07-18:0,0,1,1 07-19:1,1,1,1 07-20:0,0,0,0 07-21:0,0,0,0 07-22:0,0,0,0 07-23:0,0,0,0 07-24:0,0,0,0 07-25:0,0,0,0 07-26:0,0,0,0 07-27:1,1,0,0 07-28:0,0,5,4 07-29:0,0,1,0 07-30:0,0,0,0 07-31:0,0,0,0 08-01:1,0,0,0 08-02:0,0,0,0 08-04:0,0,0,0 08-05:0,0,0,0 08-07:1,1,0,0 08-08:2,1,0,0 08-09:1,1,0,0 08-10:1,0,0,0 08-12:0,0,5,5 08-13:0,0,3,3 08-14:0,0,3,3 08-15:1,0,0,0 08-16:0,0,1,1 08-17:0,0,0,0 08-18:0,0,0,0 08-19:0,0,1,1 08-20:0,0,1,0 08-21:0,0,0,0 08-22:1,0,1,0 08-23:0,0,1,0 08-24:1,1,1,0 08-25:0,0,0,0 08-26:0,0,6,5 08-27:0,0,5,5 08-28:0,0,1,1 08-29:0,0,0,0
Azerbaijan|05-14:0,0,0,0 05-27:0,0,0,0 06-02:0,0,0,0 06-20:0,0,0,0 06-25:0,0,0,0 06-29:0,0,0,0 07-02:0,0,1,1 07-10:0,0,0,0 07-22:0,0,0,0 08-01:0,0,0,0 08-02:0,0,0,0 08-06:0,0,0,0 08-08:0,0,0,0 08-10:0,0,0,0 08-13:0,0,0,0 08-14:0,0,0,0 08-16:0,0,0,0 08-18:0,0,0,0 08-19:0,0,0,0 08-21:0,0,0,0 08-26:0,0,0,0 08-29:0,0,0,0
Bahrain|05-26:0,0,0,0 06-07:0,0,0,0 07-23:0,0,0,0 07-26:0,0,0,0 07-29:1,0,0,0 08-05:0,0,0,0
Belarus|05-23:0,0,1,1 06-26:0,0,0,0 08-16:0,0,0,0
Benin|06-09:0,0,0,0 06-20:0,0,0,0 06-26:0,0,0,0 06-27:0,0,0,0 07-15:0,0,0,0 07-29:0,0,0,0
Bolivia|05-15:0,0,0,0 05-18:0,0,0,0 05-23:0,0,0,0 05-26:0,0,0,0 05-29:0,0,0,0 06-12:0,0,0,0 06-13:0,0,1,1 06-14:0,0,1,0 06-18:0,0,0,0 06-20:0,0,0,0 06-25:0,0,0,0 06-30:0,0,0,0 07-01:0,0,0,0 07-12:0,0,0,0 07-13:0,0,0,0 07-14:0,0,0,0 07-15:0,0,0,0 07-20:0,0,0,0 07-21:0,0,2,1 07-23:0,0,0,0 07-26:0,0,0,0 07-28:0,0,0,0 07-29:0,0,0,0 08-01:0,0,0,0 08-02:0,0,0,0 08-03:0,0,0,0 08-04:0,0,0,0 08-07:0,0,0,0 08-10:0,0,0,0 08-12:0,0,1,0 08-13:0,0,0,0 08-15:0,0,0,0 08-17:0,0,0,0 08-18:0,0,0,0 08-20:0,0,0,0 08-21:0,0,0,0 08-23:0,0,0,0 08-25:0,0,0,0 08-26:0,0,0,0 08-28:0,0,0,0 08-29:0,0,0,0
Bosnia and Herzegovina|05-14:0,0,0,0 05-15:0,0,0,0 05-18:0,0,0,0 05-20:0,0,1,0 05-22:0,0,0,0 05-25:0,0,0,0 05-28:0,0,0,0 05-30:0,0,0,0 06-01:0,0,1,0 06-03:0,0,0,0 06-06:0,0,0,0 06-09:0,0,1,0 06-10:0,0,0,0 06-12:0,0,0,0 06-17:0,0,0,0 06-19:0,0,0,0 06-20:0,0,0,0 06-24:0,0,0,0 06-25:0,0,0,0 06-27:0,0,1,0 06-28:0,0,2,0 06-29:0,0,0,0 06-30:0,0,1,0 07-01:0,0,2,0 07-03:0,0,0,0 07-04:0,0,0,0 07-07:0,0,0,0 07-08:0,0,1,1 07-09:0,0,0,0 07-10:0,0,0,0 07-11:0,0,0,0 07-12:0,0,0,0 07-14:1,1,0,0 07-15:0,0,0,0 07-17:0,0,0,0 07-18:0,0,1,1 07-19:0,0,1,0 07-20:0,0,1,0 07-21:0,0,2,0 07-22:0,0,3,0 07-23:2,0,9,0 07-24:0,0,3,0 07-25:0,0,2,0 07-26:0,0,2,0 07-27:0,0,1,0 07-28:0,0,4,0 07-29:2,0,2,0 07-30:0,0,1,0 07-31:0,0,0,0 08-01:1,0,3,0 08-02:1,0,2,0 08-03:0,0,1,0 08-07:0,0,0,0 08-09:0,0,0,0 08-11:0,0,1,0 08-13:0,0,1,0 08-18:0,0,0,0 08-20:0,0,0,0 08-22:0,0,0,0 08-27:0,0,0,0 08-29:0,0,0,0
Botswana|06-30:0,0,0,0 07-06:0,0,0,0 08-19:0,0,0,0
Brazil|05-13:0,0,3,1 05-14:0,0,3,3 05-15:0,0,0,0 05-16:1,0,1,0 05-17:0,0,0,0 05-18:0,0,0,0 05-19:0,0,0,0 05-20:0,0,0,0 05-21:0,0,2,1 05-22:0,0,0,0 05-23:0,0,0,0 05-24:0,0,1,1 05-25:0,0,2,1 05-26:0,0,0,0 05-27:0,0,0,0 05-28:0,0,0,0 05-29:0,0,0,0 05-30:0,0,0,0 05-31:0,0,1,1 06-01:0,0,0,0 06-02:0,0,2,2 06-03:0,0,1,1 06-04:0,0,0,0 06-05:0,0,1,1 06-06:0,0,0,0 06-07:0,0,0,0 06-08:0,0,0,0 06-09:0,0,0,0 06-10:0,0,0,0 06-11:0,0,0,0 06-12:0,0,1,0 06-13:0,0,0,0 06-15:1,0,1,1 06-16:0,0,0,0 06-17:0,0,0,0 06-18:0,0,0,0 06-19:0,0,1,1 06-20:0,0,0,0 06-21:0,0,0,0 06-22:0,0,1,1 06-23:0,0,6,6 06-24:0,0,2,2 06-25:0,0,4,3 06-26:0,0,2,1 06-27:0,0,5,4 06-28:1,0,4,3 06-29:0,0,1,1 06-30:0,0,1,0 07-01:1,1,1,0 07-02:1,1,0,0 07-03:2,2,1,0 07-04:0,0,0,0 07-05:0,0,1,1 07-06:0,0,0,0 07-07:0,0,1,0 07-08:0,0,1,1 07-09:0,0,1,1 07-10:1,1,2,0 07-11:0,0,0,0 07-12:0,0,1,0 07-13:0,0,1,1 07-14:1,1,3,1 07-15:0,0,0,0 07-16:0,0,2,1 07-17:2,1,3,3 07-18:6,5,1,0 07-19:0,0,0,0 07-20:2,1,0,0 07-21:0,0,2,1 07-22:0,0,1,0 07-23:0,0,0,0 07-24:2,2,1,0 07-25:0,0,0,0 07-26:2,2,1,0 07-27:0,0,0,0 07-28:2,0,1,1 07-29:2,1,1,0 07-30:2,2,0,0 07-31:2,0,0,0 08-01:0,0,0,0 08-02:1,0,3,1 08-03:0,0,1,1 08-04:1,1,1,0 08-05:1,1,3,3 08-06:0,0,2,1 08-07:0,0,2,0 08-08:0,0,1,0 08-09:0,0,1,0 08-10:0,0,1,0 08-11:2,2,1,0 08-12:0,0,2,2 08-13:0,0,2,1 08-14:0,0,0,0 08-15:0,0,6,2 08-16:0,0,0,0 08-17:1,1,2,1 08-18:1,1,1,1 08-19:1,0,1,1 08-20:0,0,0,0 08-21:3,3,4,0 08-22:1,1,0,0 08-23:0,0,2,0 08-24:0,0,0,0 08-25:1,1,2,0 08-26:0,0,0,0 08-27:0,0,0,0 08-28:1,1,0,0 08-29:0,0,1,0
Brunei|06-30:0,0,0,0 07-17:0,0,0,0 07-18:0,0,0,0 07-20:0,0,0,0 07-21:0,0,0,0 08-03:0,0,0,0 08-07:0,0,1,0 08-19:0,0,0,0 08-22:0,0,0,0
Bulgaria|05-13:0,0,0,0 05-14:0,0,0,0 05-15:0,0,0,0 05-19:0,0,0,0 05-20:1,0,1,0 05-21:0,0,0,0 05-22:0,0,0,0 05-26:0,0,0,0 05-29:0,0,0,0 05-30:0,0,0,0 06-01:0,0,0,0 06-02:0,0,0,0 06-04:0,0,0,0 06-05:0,0,0,0 06-06:0,0,0,0 06-07:0,0,0,0 06-08:0,0,0,0 06-12:0,0,0,0 06-13:0,0,0,0 06-14:0,0,0,0 06-16:0,0,0,0 06-18:0,0,0,0 06-20:1,0,0,0 06-21:0,0,0,0 06-23:0,0,0,0 06-24:0,0,0,0 06-27:0,0,0,0 06-28:0,0,0,0 06-29:0,0,0,0 06-30:0,0,0,0 07-07:0,0,0,0 07-09:0,0,0,0 07-10:0,0,0,0 07-12:0,0,1,0 07-13:0,0,0,0 07-18:0,0,0,0 07-20:0,0,1,0 07-21:0,0,0,0 07-22:0,0,0,0 07-23:0,0,0,0 07-24:0,0,0,0 07-25:0,0,0,0 07-26:0,0,1,0 07-27:0,0,1,0 07-28:0,0,1,0 07-30:0,0,0,0 07-31:1,0,0,0 08-01:1,0,0,0 08-03:0,0,0,0 08-04:0,0,1,0 08-13:0,0,0,0 08-14:0,0,0,0 08-15:0,0,0,0 08-19:0,0,0,0 08-24:0,0,0,0 08-25:0,0,0,0 08-26:0,0,0,0 08-29:0,0,0,0
Burkina Faso|06-04:0,0,0,0 07-29:0,0,0,0 07-30:0,0,0,0 08-22:0,0,0,0
Cabo Verde|06-09:0,0,0,0 06-27:0,0,0,0 06-28:0,0,0,0 08-06:1,0,0,0
Cambodia|06-25:0,0,0,0
Cameroon|05-30:0,0,0,0 06-26:0,0,0,0 06-30:0,0,0,0 07-01:0,0,1,0 07-29:0,0,1,0 08-27:0,0,0,0
Canada|05-13:0,0,0,0 05-14:0,0,0,0 05-15:1,1,0,0 05-16:0,0,2,1 05-17:1,1,0,0 05-18:0,0,0,0 05-19:0,0,2,1 05-20:0,0,0,0 05-21:0,0,0,0 05-22:1,0,0,0 05-23:0,0,0,0 05-24:0,0,1,0 05-25:1,0,1,1 05-26:0,0,1,1 05-27:1,0,0,0 05-28:0,0,0,0 05-29:1,0,0,0 05-30:0,0,0,0 05-31:0,0,1,1 06-01:0,0,0,0 06-02:1,0,2,2 06-03:0,0,1,0 06-04:1,1,0,0 06-05:0,0,2,1 06-06:0,0,0,0 06-07:0,0,1,0 06-08:0,0,0,0 06-09:0,0,0,0 06-10:0,0,0,0 06-11:0,0,1,0 06-12:0,0,2,1 06-13:1,0,3,1 06-14:0,0,2,2 06-15:1,0,1,1 06-16:0,0,1,1 06-17:2,1,1,1 06-18:1,0,0,0 06-19:0,0,0,0 06-20:0,0,3,2 06-21:1,0,1,1 06-22:1,0,1,1 06-23:1,0,1,1 06-24:0,0,0,0 06-25:0,0,0,0 06-26:0,0,2,2 06-27:0,0,0,0 06-28:0,0,0,0 06-29:0,0,0,0 06-30:1,0,1,1 07-01:0,0,1,0 07-02:1,0,1,0 07-03:0,0,2,1 07-04:0,0,1,1 07-05:1,0,1,1 07-06:0,0,0,0 07-07:0,0,0,0 07-08:1,1,0,0 07-09:1,1,0,0 07-10:0,0,6,6 07-11:0,0,2,0 07-12:0,0,0,0 07-13:0,0,4,4 07-14:0,0,5,5 07-15:0,0,1,1 07-16:0,0,1,1 07-17:0,0,1,1 07-18:0,0,1,1 07-19:0,0,2,2 07-20:3,1,5,3 07-21:0,0,1,1 07-22:0,0,2,2 07-23:0,0,3,3 07-24:0,0,1,0 07-25:0,0,1,0 07-26:0,0,0,0 07-27:0,0,0,0 07-28:0,0,2,1 07-29:3,0,1,0 07-30:0,0,0,0 07-31:1,0,2,0 08-01:0,0,0,0 08-02:0,0,0,0 08-03:2,2,0,0 08-04:2,0,0,0 08-05:0,0,1,0 08-06:0,0,1,0 08-07:0,0,0,0 08-08:1,1,1,1 08-09:0,0,2,0 08-10:0,0,0,0 08-11:0,0,3,1 08-12:0,0,2,1 08-13:0,0,3,2 08-14:1,0,0,0 08-15:0,0,1,1 08-16:0,0,1,0 08-17:0,0,3,1 08-18:0,0,0,0 08-19:0,0,1,1 08-20:0,0,1,1 08-21:1,0,1,0 08-22:0,0,0,0 08-23:0,0,0,0 08-24:1,0,3,1 08-25:0,0,0,0 08-26:0,0,0,0 08-27:0,0,0,0 08-28:0,0,0,0 08-29:0,0,1,1
Cayman Islands|08-14:0,0,0,0
Chile|05-13:0,0,0,0 05-15:0,0,1,0 05-16:0,0,2,1 05-17:1,0,0,0 05-18:0,0,0,0 05-19:0,0,0,0 05-20:0,0,0,0 05-21:0,0,0,0 05-22:0,0,0,0 05-23:0,0,0,0 05-24:0,0,0,0 05-25:0,0,0,0 05-27:0,0,0,0 05-28:0,0,4,0 05-29:0,0,4,0 05-30:0,0,0,0 05-31:0,0,0,0 06-01:0,0,0,0 06-02:0,0,0,0 06-03:0,0,0,0 06-04:0,0,0,0 06-05:0,0,2,0 06-06:0,0,0,0 06-07:0,0,0,0 06-08:0,0,1,0 06-09:0,0,0,0 06-10:0,0,0,0 06-11:0,0,0,0 06-12:0,0,0,0 06-13:0,0,2,0 06-18:0,0,0,0 06-19:0,0,0,0 06-20:0,0,0,0 06-21:0,0,0,0 06-22:0,0,0,0 06-24:0,0,1,0 06-25:0,0,9,9 06-26:0,0,11,11 06-27:0,0,14,13 06-28:0,0,0,0 06-29:0,0,20,19 06-30:0,0,8,7 07-01:0,0,0,0 07-02:0,0,0,0 07-03:0,0,0,0 07-04:0,0,0,0 07-05:0,0,0,0 07-06:0,0,3,3 07-07:0,0,1,0 07-08:0,0,3,0 07-09:0,0,3,1 07-10:0,0,0,0 07-11:0,0,3,1 07-12:0,0,0,0 07-13:0,0,0,0 07-14:1,0,0,0 07-15:0,0,0,0 07-16:0,0,0,0 07-17:0,0,0,0 07-18:0,0,0,0 07-19:0,0,0,0 07-20:0,0,0,0 07-21:0,0,0,0 07-22:0,0,1,0 07-23:0,0,0,0 07-24:0,0,0,0 07-25:0,0,0,0 07-28:0,0,0,0 07-29:0,0,2,0 07-30:0,0,0,0 07-31:0,0,0,0 08-01:0,0,0,0 08-02:0,0,3,2 08-03:0,0,1,1 08-04:0,0,0,0 08-05:0,0,1,1 08-07:0,0,0,0 08-08:0,0,3,3 08-09:0,0,0,0 08-10:0,0,1,0 08-11:0,0,2,2 08-13:0,0,0,0 08-14:0,0,0,0 08-15:0,0,3,3 08-16:0,0,0,0 08-20:0,0,0,0 08-21:0,0,0,0
Colombia|05-16:0,0,0,0 05-22:0,0,1,1 06-08:0,0,1,1 06-13:0,0,1,0 06-18:0,0,0,0 06-19:0,0,0,0 06-21:0,0,0,0 06-30:0,0,1,1 07-17:0,0,0,0 07-19:0,0,0,0 07-20:0,0,0,0 07-21:0,0,0,0 08-07:0,0,1,1 08-10:0,0,0,0 08-19:0,0,0,0
Comoros|08-16:0,0,0,0
Congo (DRC)|05-14:0,0,0,0 05-15:0,0,1,0 05-16:0,0,0,0 05-18:0,0,0,0 06-09:0,0,0,0 06-17:0,0,0,0 06-27:0,0,0,0 07-28:0,0,0,0 08-26:0,0,0,0 08-28:0,0,0,0
Congo Republic|05-27:0,0,0,0 06-26:0,0,0,0 06-30:0,0,0,0 07-01:0,0,0,0 07-29:0,0,0,0 08-15:0,0,0,0
Cook Islands|07-29:0,0,1,0
Costa Rica|05-29:0,0,0,0 06-06:0,0,0,0 06-13:0,0,0,0 06-19:0,0,0,0 07-09:0,0,0,0 07-23:0,0,0,0
Croatia|05-13:0,0,0,0 05-15:0,0,0,0 05-16:0,0,0,0 05-19:0,0,0,0 05-21:0,0,0,0 05-22:1,0,0,0 05-23:0,0,1,0 05-25:0,0,0,0 05-27:0,0,0,0 05-28:0,0,0,0 05-29:0,0,0,0 05-30:0,0,1,0 05-31:0,0,0,0 06-01:0,0,1,1 06-02:0,0,1,0 06-03:0,0,0,0 06-06:0,0,0,0 06-07:0,0,0,0 06-08:0,0,0,0 06-09:0,0,0,0 06-10:0,0,0,0 06-11:0,0,0,0 06-12:0,0,0,0 06-13:0,0,0,0 06-14:0,0,0,0 06-16:0,0,0,0 06-17:0,0,0,0 06-18:0,0,0,0 06-19:0,0,0,0 06-20:0,0,0,0 06-21:0,0,0,0 06-23:0,0,0,0 06-24:0,0,0,0 06-25:0,0,0,0 06-26:0,0,0,0 06-29:0,0,0,0 07-01:0,0,0,0 07-02:0,0,0,0 07-03:0,0,0,0 07-04:0,0,0,0 07-05:0,0,0,0 07-06:0,0,0,0 07-07:0,0,1,0 07-08:0,0,0,0 07-09:0,0,0,0 07-10:0,0,0,0 07-11:0,0,1,1 07-12:0,0,0,0 07-13:0,0,0,0 07-16:0,0,0,0 07-17:0,0,1,0 07-18:0,0,0,0 07-19:0,0,0,0 07-20:0,0,0,0 07-22:1,1,0,0 07-24:0,0,1,0 07-26:0,0,0,0 07-27:0,0,0,0 07-28:0,0,0,0 07-29:0,0,0,0 07-30:0,0,0,0 08-06:1,1,0,0 08-09:0,0,0,0 08-12:1,1,0,0 08-15:0,0,1,1 08-22:0,0,0,0 08-23:0,0,0,0 08-24:0,0,0,0
Cuba|06-13:0,0,0,0
Curaçao|07-15:0,0,0,0 08-23:0,0,1,0
Cyprus|05-20:1,0,0,0 05-25:0,0,0,0 05-30:0,0,0,0 07-23:1,0,0,0 07-28:0,0,0,0 07-31:0,0,0,0 08-01:0,0,0,0 08-12:0,0,0,0 08-14:0,0,1,1 08-16:0,0,0,0 08-20:0,0,1,1 08-25:1,0,0,0 08-29:0,0,1,1
Czechia|05-13:0,0,1,1 05-14:0,0,0,0 05-15:0,0,0,0 05-16:0,0,0,0 05-17:1,1,1,1 05-18:0,0,1,0 05-19:0,0,1,1 05-21:0,0,0,0 05-22:0,0,1,1 05-23:0,0,1,0 05-26:0,0,0,0 05-27:0,0,0,0 05-28:0,0,0,0 05-29:0,0,0,0 05-30:0,0,0,0 05-31:0,0,0,0 06-01:0,0,0,0 06-02:0,0,0,0 06-03:0,0,1,1 06-04:0,0,0,0 06-05:0,0,0,0 06-06:0,0,0,0 06-07:0,0,0,0 06-08:0,0,0,0 06-09:0,0,1,0 06-10:1,0,1,0 06-11:0,0,0,0 06-12:0,0,1,0 06-13:0,0,0,0 06-14:0,0,0,0 06-15:0,0,1,0 06-17:0,0,0,0 06-18:0,0,0,0 06-19:0,0,0,0 06-20:0,0,0,0 06-21:0,0,0,0 06-22:0,0,0,0 06-23:0,0,1,0 06-24:0,0,1,0 06-25:0,0,1,0 06-26:0,0,0,0 06-28:0,0,1,0 06-29:1,0,1,0 06-30:0,0,0,0 07-01:2,1,2,0 07-02:0,0,0,0 07-03:1,0,0,0 07-04:0,0,0,0 07-05:0,0,0,0 07-06:0,0,0,0 07-07:0,0,0,0 07-08:0,0,0,0 07-09:0,0,0,0 07-10:0,0,0,0 07-14:0,0,0,0 07-15:0,0,0,0 07-16:0,0,0,0 07-17:0,0,0,0 07-18:0,0,1,0 07-19:0,0,0,0 07-20:1,0,0,0 07-21:0,0,0,0 07-22:0,0,0,0 07-23:0,0,1,0 07-24:0,0,0,0 07-25:0,0,1,1 07-27:0,0,0,0 07-28:1,1,0,0 07-29:0,0,1,0 07-30:0,0,0,0 07-31:0,0,0,0 08-01:0,0,0,0 08-02:0,0,0,0 08-03:0,0,0,0 08-05:0,0,0,0 08-06:0,0,1,1 08-07:0,0,0,0 08-08:0,0,0,0 08-14:0,0,0,0 08-15:0,0,0,0 08-16:0,0,1,0 08-17:0,0,0,0 08-18:0,0,0,0 08-20:0,0,0,0 08-21:0,0,0,0 08-22:0,0,0,0 08-23:0,0,0,0 08-24:0,0,0,0 08-25:1,0,1,0 08-26:0,0,0,0 08-27:0,0,0,0 08-28:0,0,0,0 08-29:0,0,1,1
Denmark|05-13:0,0,0,0 05-15:1,1,0,0 05-16:0,0,0,0 05-17:1,0,0,0 05-19:0,0,0,0 05-20:1,1,0,0 05-21:1,0,1,1 05-22:0,0,0,0 05-24:0,0,0,0 05-25:0,0,0,0 05-26:0,0,0,0 05-28:0,0,0,0 05-29:0,0,0,0 05-30:0,0,0,0 05-31:0,0,2,2 06-02:1,1,1,0 06-03:0,0,0,0 06-04:0,0,1,0 06-05:0,0,0,0 06-06:0,0,1,1 06-08:0,0,1,0 06-09:0,0,0,0 06-10:0,0,0,0 06-11:0,0,0,0 06-12:2,1,0,0 06-13:0,0,0,0 06-14:3,0,0,0 06-15:5,0,1,1 06-16:1,0,0,0 06-17:0,0,0,0 06-18:0,0,0,0 06-19:2,1,1,1 06-20:1,1,0,0 06-21:1,1,2,1 06-22:1,1,0,0 06-23:0,0,0,0 06-24:2,2,1,0 06-25:0,0,0,0 06-26:1,0,0,0 06-27:0,0,0,0 06-28:0,0,0,0 06-29:0,0,0,0 06-30:1,0,0,0 07-02:2,0,1,0 07-03:2,1,0,0 07-04:1,0,0,0 07-05:1,1,0,0 07-06:0,0,0,0 07-08:0,0,0,0 07-09:0,0,0,0 07-12:0,0,0,0 07-13:0,0,0,0 07-14:1,1,0,0 07-15:1,1,0,0 07-16:3,1,0,0 07-17:1,1,0,0 07-18:0,0,0,0 07-19:0,0,0,0 07-20:1,0,0,0 07-21:3,1,1,0 07-22:3,1,0,0 07-23:0,0,0,0 07-24:0,0,1,1 07-25:2,0,1,0 07-26:1,0,0,0 07-27:1,0,0,0 07-28:3,3,0,0 07-29:3,3,1,1 07-30:0,0,0,0 07-31:4,2,1,1 08-01:2,0,0,0 08-02:1,0,0,0 08-03:4,3,0,0 08-04:2,1,1,1 08-05:3,2,0,0 08-06:1,1,0,0 08-07:2,0,0,0 08-08:2,0,1,0 08-09:3,2,1,1 08-10:2,0,0,0 08-11:2,2,0,0 08-12:0,0,1,0 08-13:2,1,1,1 08-14:0,0,0,0 08-15:0,0,0,0 08-16:2,1,0,0 08-17:1,0,0,0 08-18:1,0,1,1 08-20:0,0,0,0 08-21:1,0,0,0 08-22:1,1,0,0 08-23:0,0,0,0 08-24:0,0,0,0 08-25:0,0,0,0 08-27:0,0,0,0 08-28:0,0,0,0
Djibouti|07-15:0,0,0,0
Dominican Republic|05-30:0,0,0,0 06-04:0,0,1,0 06-26:0,0,0,0 07-04:1,0,0,0 08-09:0,0,0,0 08-11:0,0,1,0
Ecuador|05-14:0,0,0,0 05-15:0,0,0,0 05-17:0,0,0,0 05-18:0,0,0,0 05-19:1,0,0,0 05-20:0,0,0,0 05-22:0,0,1,0 05-23:0,0,0,0 05-24:0,0,2,0 05-25:0,0,0,0 05-27:0,0,2,0 05-28:0,0,4,0 05-29:0,0,0,0 05-30:0,0,1,0 05-31:0,0,1,0 06-01:0,0,0,0 06-02:0,0,0,0 06-03:0,0,0,0 06-04:0,0,2,0 06-05:0,0,2,0 06-06:0,0,1,0 06-07:0,0,2,0 06-08:0,0,1,0 06-09:0,0,1,0 06-10:0,0,0,0 06-11:0,0,0,0 06-12:0,0,0,0 06-13:0,0,0,0 06-15:0,0,0,0 06-16:0,0,1,0 06-17:1,0,2,0 06-18:0,0,0,0 06-19:0,0,0,0 06-20:0,0,2,0 06-21:0,0,1,0 06-22:0,0,0,0 06-23:0,0,1,0 06-24:0,0,2,0 06-25:0,0,0,0 06-26:1,0,1,0 06-27:0,0,0,0 06-28:0,0,0,0 06-29:0,0,0,0 06-30:0,0,1,1 07-01:0,0,1,0 07-02:0,0,0,0 07-03:1,0,1,0 07-04:0,0,0,0 07-05:0,0,1,0 07-06:0,0,1,0 07-07:1,0,1,0 07-08:0,0,0,0 07-11:0,0,1,0 07-12:0,0,0,0 07-13:0,0,0,0 07-15:0,0,0,0 07-16:0,0,0,0 07-19:0,0,0,0 07-22:0,0,0,0 07-27:0,0,0,0 07-28:0,0,1,0 07-29:0,0,0,0 07-31:0,0,0,0 08-01:0,0,0,0 08-02:0,0,0,0 08-03:0,0,0,0 08-04:0,0,0,0 08-05:0,0,0,0 08-06:0,0,0,0 08-07:0,0,0,0 08-08:0,0,0,0 08-11:0,0,0,0 08-12:0,0,0,0 08-13:0,0,0,0 08-16:0,0,0,0 08-20:0,0,0,0 08-21:0,0,0,0
Egypt|05-18:0,0,1,0 05-21:0,0,0,0 05-22:0,0,0,0 05-23:0,0,0,0 05-25:0,0,0,0 06-03:0,0,0,0 06-04:0,0,0,0 06-06:0,0,0,0 06-14:0,0,1,0 06-16:0,0,0,0 06-18:1,0,0,0 06-19:0,0,0,0 06-21:0,0,0,0 06-22:0,0,0,0 06-23:0,0,0,0 06-26:0,0,0,0 06-27:0,0,0,0 06-28:0,0,0,0 06-29:0,0,0,0 06-30:0,0,0,0 07-01:0,0,0,0 07-07:0,0,0,0 07-08:0,0,1,1 07-13:0,0,1,1 07-16:0,0,0,0 07-20:0,0,0,0 07-24:0,0,0,0 07-26:0,0,0,0 07-28:0,0,0,0 07-29:0,0,0,0 08-09:0,0,0,0 08-10:0,0,0,0 08-12:0,0,1,1 08-13:0,0,0,0 08-16:0,0,0,0 08-17:0,0,0,0 08-18:0,0,0,0 08-19:0,0,0,0 08-21:0,0,0,0 08-28:0,0,0,0
El Salvador|06-18:0,0,0,0 06-22:0,0,0,0 06-25:1,0,1,0 06-26:1,0,0,0 06-28:0,0,0,0 06-29:0,0,0,0 06-30:0,0,0,0 07-29:0,0,0,0 08-02:0,0,1,0 08-17:0,0,0,0 08-24:0,0,0,0
Estonia|05-15:0,0,0,0 05-31:0,0,0,0 06-13:0,0,0,0 06-20:0,0,0,0 06-26:0,0,1,1 06-30:0,0,0,0 07-02:1,0,0,0 07-14:0,0,0,0 07-15:0,0,0,0 07-16:0,0,0,0 07-18:0,0,0,0 07-26:0,0,0,0 07-27:0,0,0,0 07-28:0,0,1,1 07-30:1,1,0,0 08-07:0,0,0,0 08-10:0,0,0,0 08-17:0,0,0,0 08-21:0,0,0,0 08-26:0,0,0,0 08-28:0,0,0,0 08-29:1,1,0,0
Eswatini|06-30:0,0,0,0
Ethiopia|05-13:0,0,0,0 05-14:0,0,0,0 05-17:0,0,1,0 05-20:0,0,1,0 05-22:0,0,0,0 05-23:0,0,0,0 06-04:0,0,0,0 06-09:0,0,0,0 06-10:0,0,0,0 06-11:0,0,0,0 06-12:0,0,0,0 06-14:0,0,0,0 06-18:0,0,1,0 06-19:0,0,1,0 06-21:0,0,0,0 06-24:0,0,0,0 06-26:0,0,0,0 06-27:0,0,0,0 06-28:0,0,1,0 06-30:0,0,1,0 07-01:0,0,0,0 07-03:0,0,0,0 07-06:0,0,0,0 07-07:0,0,0,0 07-08:0,0,0,0 07-10:0,0,0,0 07-13:0,0,0,0 07-16:0,0,0,0 07-21:0,0,1,0 07-22:0,0,0,0 07-23:0,0,0,0 07-24:0,0,0,0 07-28:0,0,0,0 07-29:0,0,5,1 07-31:0,0,0,0 08-01:0,0,0,0 08-02:0,0,0,0 08-04:0,0,0,0 08-07:0,0,0,0 08-08:0,0,0,0 08-09:0,0,0,0 08-10:0,0,0,0 08-12:0,0,1,0 08-13:0,0,0,0 08-14:0,0,0,0 08-15:0,0,0,0 08-16:0,0,0,0 08-20:0,0,0,0 08-21:0,0,0,0 08-22:0,0,0,0 08-23:0,0,0,0 08-25:0,0,0,0 08-26:0,0,0,0 08-28:0,0,0,0 08-29:0,0,2,0
Faroe Islands|06-17:0,0,0,0 07-09:0,0,0,0
Fiji|06-25:0,0,0,0
Finland|05-14:0,0,0,0 05-15:0,0,1,1 05-16:0,0,1,1 05-17:0,0,0,0 05-18:0,0,3,3 05-19:0,0,1,1 05-20:0,0,1,1 05-21:0,0,1,1 05-22:0,0,1,1 05-23:0,0,0,0 05-25:0,0,1,1 05-26:0,0,2,2 05-27:0,0,0,0 05-28:0,0,0,0 05-30:0,0,0,0 05-31:0,0,1,1 06-01:0,0,1,1 06-02:0,0,3,3 06-04:0,0,1,0 06-05:0,0,0,0 06-06:0,0,1,1 06-08:0,0,0,0 06-09:0,0,1,1 06-10:0,0,0,0 06-11:0,0,0,0 06-12:1,1,0,0 06-13:0,0,0,0 06-14:0,0,0,0 06-15:0,0,0,0 06-16:0,0,0,0 06-19:0,0,0,0 06-20:0,0,0,0 06-21:0,0,0,0 06-22:0,0,0,0 06-23:0,0,0,0 06-24:0,0,0,0 06-25:0,0,1,1 06-26:0,0,0,0 06-27:0,0,0,0 06-28:1,0,0,0 06-29:0,0,0,0 06-30:0,0,0,0 07-01:1,0,0,0 07-02:0,0,0,0 07-03:0,0,0,0 07-04:1,0,0,0 07-05:0,0,2,2 07-06:0,0,0,0 07-07:2,1,3,3 07-08:3,2,2,1 07-09:3,2,3,1 07-10:0,0,0,0 07-11:0,0,1,1 07-13:2,1,0,0 07-14:1,0,1,1 07-15:1,1,0,0 07-16:1,0,0,0 07-17:1,1,1,0 07-18:0,0,0,0 07-19:3,2,0,0 07-20:0,0,0,0 07-21:0,0,0,0 07-22:3,3,0,0 07-23:1,0,0,0 07-24:2,1,2,1 07-25:0,0,0,0 07-26:0,0,0,0 07-27:2,2,0,0 07-28:0,0,1,1 07-29:2,1,0,0 07-30:1,0,1,1 07-31:1,1,0,0 08-01:0,0,0,0 08-02:0,0,1,0 08-03:0,0,0,0 08-04:1,0,0,0 08-05:0,0,0,0 08-06:1,1,1,0 08-07:1,0,1,0 08-08:0,0,0,0 08-10:0,0,0,0 08-11:1,0,0,0 08-12:0,0,1,1 08-13:0,0,0,0 08-14:0,0,0,0 08-15:0,0,0,0 08-16:0,0,0,0 08-17:0,0,0,0 08-18:0,0,0,0 08-19:0,0,0,0 08-20:0,0,1,1 08-21:0,0,0,0 08-22:0,0,0,0 08-23:1,1,1,1 08-24:1,0,0,0 08-25:0,0,0,0 08-26:1,1,0,0 08-27:2,1,0,0 08-28:0,0,0,0 08-29:0,0,0,0
France|05-15:0,0,0,0 05-16:1,1,2,1 05-17:0,0,0,0 05-22:0,0,0,0 05-24:0,0,0,0 05-25:0,0,0,0 05-28:0,0,0,0 05-29:0,0,0,0 06-03:0,0,0,0 06-06:0,0,0,0 06-10:0,0,1,1 06-11:0,0,1,1 06-18:0,0,0,0 06-19:0,0,0,0 06-23:0,0,0,0 06-26:0,0,0,0 06-29:0,0,0,0 07-05:0,0,0,0 07-07:0,0,0,0 07-09:0,0,0,0 07-12:0,0,0,0 07-13:0,0,1,1 07-14:0,0,0,0 07-15:0,0,0,0 07-16:0,0,0,0 07-17:0,0,1,1 07-18:0,0,1,0 07-20:0,0,1,0 07-21:0,0,0,0 07-22:0,0,0,0 07-25:0,0,0,0 07-26:0,0,0,0 07-27:0,0,0,0 08-07:0,0,0,0 08-09:0,0,1,0 08-11:0,0,1,1 08-13:0,0,0,0 08-17:0,0,1,0 08-18:0,0,0,0 08-21:0,0,0,0 08-22:0,0,1,0 08-29:0,0,0,0
French Polynesia|05-17:0,0,0,0
Gambia|06-30:0,0,0,0
Georgia|05-13:0,0,0,0 05-14:0,0,0,0 05-15:0,0,0,0 05-18:0,0,0,0 05-19:0,0,0,0 05-20:0,0,0,0 05-21:0,0,0,0 05-22:0,0,0,0 05-23:0,0,0,0 05-25:0,0,0,0 05-27:0,0,0,0 05-28:0,0,0,0 05-29:0,0,1,1 06-01:1,0,0,0 06-02:0,0,0,0 06-03:1,0,0,0 06-04:1,0,0,0 06-05:0,0,0,0 06-08:1,0,0,0 06-09:6,0,1,0 06-10:4,0,1,1 06-11:0,0,1,0 06-12:4,0,1,0 06-13:0,0,0,0 06-15:0,0,0,0 06-16:0,0,1,1 06-17:0,0,2,2 06-18:1,0,0,0 06-19:0,0,0,0 06-22:0,0,0,0 06-23:0,0,0,0 06-24:0,0,5,5 06-25:0,0,0,0 06-26:0,0,2,2 06-29:1,0,0,0 06-30:0,0,0,0 07-01:1,0,1,0 07-02:0,0,1,0 07-03:0,0,0,0 07-06:0,0,0,0 07-07:0,0,1,0 07-08:0,0,0,0 07-09:0,0,0,0 07-10:0,0,0,0 07-11:0,0,0,0 07-13:2,0,1,0 07-14:0,0,0,0 07-16:1,0,0,0 07-17:0,0,0,0 07-20:0,0,0,0 07-21:0,0,0,0 07-22:0,0,0,0 07-23:0,0,0,0 07-24:0,0,0,0 07-25:0,0,0,0 07-27:0,0,0,0 07-28:1,0,0,0 07-29:1,0,0,0 07-30:0,0,0,0 07-31:1,0,1,1 08-02:0,0,0,0 08-03:2,0,0,0 08-04:0,0,0,0 08-05:1,0,0,0 08-06:1,0,0,0 08-07:0,0,0,0 08-10:0,0,0,0 08-11:0,0,0,0 08-12:0,0,0,0 08-13:0,0,0,0 08-14:0,0,0,0 08-17:0,0,0,0 08-18:0,0,0,0 08-19:0,0,0,0 08-20:0,0,0,0 08-21:0,0,0,0 08-24:1,0,0,0 08-25:0,0,0,0 08-26:0,0,0,0 08-27:0,0,0,0 08-28:0,0,0,0
Germany|05-13:1,1,0,0 05-14:0,0,1,0 05-15:1,1,1,1 05-16:0,0,0,0 05-17:0,0,0,0 05-18:1,0,1,1 05-19:0,0,2,2 05-20:0,0,2,1 05-21:0,0,1,1 05-22:1,0,1,1 05-23:0,0,2,1 05-24:0,0,1,1 05-25:1,1,4,2 05-26:1,1,1,1 05-27:1,0,3,2 05-28:1,0,3,3 05-29:0,0,6,2 05-30:0,0,1,1 05-31:0,0,4,1 06-01:2,1,1,0 06-02:1,1,1,1 06-03:0,0,2,0 06-04:0,0,1,1 06-05:1,1,0,0 06-06:0,0,0,0 06-07:0,0,1,0 06-08:1,1,1,0 06-09:0,0,0,0 06-10:0,0,1,1 06-11:0,0,2,1 06-12:0,0,1,1 06-13:6,2,3,1 06-14:3,0,0,0 06-15:0,0,2,0 06-16:2,2,0,0 06-17:0,0,1,0 06-18:2,2,8,7 06-19:0,0,2,2 06-20:1,1,1,1 06-21:0,0,0,0 06-22:1,0,5,3 06-23:1,0,2,2 06-24:0,0,0,0 06-25:1,0,0,0 06-26:0,0,2,2 06-27:0,0,2,1 06-28:1,1,3,1 06-29:0,0,1,0 06-30:0,0,2,1 07-01:3,1,3,1 07-02:0,0,2,0 07-03:1,0,3,2 07-04:0,0,0,0 07-05:1,1,0,0 07-06:0,0,1,0 07-07:1,0,1,0 07-08:0,0,1,0 07-09:1,1,2,1 07-10:0,0,1,1 07-11:1,0,1,0 07-12:2,2,8,8 07-13:1,0,7,7 07-14:0,0,4,4 07-15:1,1,4,4 07-16:1,1,7,5 07-17:0,0,5,5 07-18:2,2,8,8 07-19:2,2,10,9 07-20:3,3,6,6 07-21:0,0,8,8 07-22:0,0,3,1 07-23:0,0,2,1 07-24:0,0,2,2 07-25:0,0,0,0 07-26:0,0,3,1 07-27:1,1,1,1 07-28:1,1,0,0 07-29:0,0,0,0 07-30:1,1,3,1 07-31:4,1,4,0 08-01:3,3,8,0 08-02:2,1,4,3 08-03:1,1,4,1 08-04:2,0,1,0 08-05:0,0,1,1 08-06:1,0,2,0 08-07:5,4,5,1 08-08:0,0,3,2 08-09:2,1,0,0 08-10:1,0,0,0 08-11:1,1,1,0 08-12:1,1,2,1 08-13:1,0,3,2 08-14:2,2,1,0 08-15:1,0,6,1 08-16:3,0,2,1 08-17:3,1,3,1 08-18:2,2,2,1 08-19:2,0,0,0 08-20:1,1,1,0 08-21:1,0,2,1 08-22:3,0,2,1 08-23:1,1,2,0 08-24:1,1,1,0 08-25:1,0,3,0 08-26:1,0,0,0 08-27:0,0,0,0 08-28:3,0,1,1 08-29:2,1,1,1
Ghana|05-31:0,0,0,0 06-09:0,0,0,0 06-14:0,0,0,0 06-18:0,0,0,0 06-19:0,0,0,0 06-26:0,0,0,0 07-02:0,0,1,0 07-31:0,0,0,0 08-01:0,0,0,0 08-07:0,0,0,0 08-27:0,0,0,0
Greece|05-13:0,0,0,0 05-16:1,1,0,0 05-19:0,0,0,0 05-25:0,0,1,1 05-26:0,0,0,0 05-31:0,0,1,0 06-02:0,0,1,1 06-09:0,0,0,0 06-11:0,0,0,0 06-13:0,0,0,0 06-14:0,0,0,0 06-15:0,0,0,0 06-19:0,0,0,0 06-20:0,0,1,0 06-30:0,0,0,0 07-02:0,0,0,0 07-09:0,0,0,0 07-15:0,0,1,0 07-16:0,0,0,0 07-17:0,0,0,0 07-22:0,0,1,1 07-26:0,0,0,0 07-27:1,0,0,0 08-03:0,0,0,0 08-16:0,0,0,0
Greenland|07-01:0,0,0,0 07-22:0,0,1,1
Guadeloupe|06-09:0,0,0,0 06-13:0,0,0,0
Guam|05-16:0,0,0,0 06-27:0,0,1,0 08-11:0,0,0,0
Guatemala|06-09:0,0,0,0 06-17:0,0,0,0 06-26:0,0,0,0 06-27:0,0,0,0 07-02:0,0,0,0 08-19:0,0,1,1
Guinea|06-28:0,0,0,0 07-01:0,0,1,0 08-01:0,0,1,0
Guyana|06-28:0,0,0,0 07-08:0,0,0,0 07-24:0,0,0,0 07-27:0,0,0,0 07-28:0,0,0,0 08-03:0,0,0,0 08-04:0,0,0,0 08-08:0,0,0,0 08-12:0,0,0,0 08-22:0,0,0,0
Haiti|06-24:0,0,0,0 07-22:0,0,0,0
Honduras|06-09:0,0,0,0 06-13:0,0,0,0 06-16:0,0,1,0 06-26:0,0,1,0 06-27:0,0,0,0 06-28:0,0,0,0 06-30:0,0,0,0 07-11:0,0,0,0 07-19:0,0,0,0 08-19:0,0,1,1
Hong Kong|05-14:0,0,1,1 05-20:0,0,0,0 05-21:0,0,0,0 05-23:0,0,0,0 05-25:0,0,0,0 05-29:0,0,0,0 06-01:0,0,0,0 06-02:0,0,0,0 06-03:0,0,0,0 06-04:0,0,1,1 06-05:0,0,0,0 06-06:0,0,0,0 06-09:0,0,0,0 06-10:0,0,0,0 06-12:0,0,0,0 06-16:0,0,0,0 06-18:0,0,1,1 06-24:1,0,0,0 06-26:0,0,0,0 06-27:0,0,0,0 06-28:0,0,0,0 06-29:0,0,1,1 06-30:0,0,0,0 07-01:0,0,0,0 07-04:0,0,0,0 07-06:0,0,0,0 07-09:0,0,0,0 07-10:0,0,0,0 07-12:0,0,0,0 07-13:0,0,0,0 07-15:0,0,0,0 07-16:0,0,0,0 07-17:0,0,0,0 07-20:0,0,0,0 07-22:0,0,0,0 07-23:0,0,0,0 07-24:0,0,0,0 07-25:0,0,0,0 07-26:0,0,0,0 07-29:0,0,0,0 07-30:0,0,0,0 08-02:0,0,0,0 08-05:0,0,0,0 08-08:0,0,0,0 08-11:0,0,0,0 08-12:0,0,0,0 08-13:0,0,1,1 08-16:0,0,1,1 08-17:0,0,0,0 08-19:0,0,1,1 08-20:0,0,0,0 08-22:0,0,1,1 08-23:0,0,0,0 08-25:0,0,0,0 08-27:0,0,0,0 08-28:0,0,0,0
Hungary|05-13:0,0,0,0 05-15:0,0,0,0 05-16:0,0,0,0 05-17:1,1,0,0 05-18:0,0,0,0 05-19:1,1,0,0 05-20:0,0,0,0 05-21:0,0,0,0 05-22:0,0,0,0 05-23:0,0,0,0 05-24:0,0,0,0 05-25:0,0,0,0 05-26:0,0,0,0 05-27:0,0,1,0 05-28:0,0,2,0 05-29:0,0,0,0 05-30:0,0,0,0 05-31:1,1,0,0 06-01:0,0,0,0 06-02:0,0,0,0 06-03:0,0,0,0 06-04:0,0,1,1 06-05:0,0,0,0 06-06:1,1,0,0 06-07:0,0,0,0 06-08:0,0,1,0 06-09:0,0,1,0 06-10:1,1,0,0 06-11:0,0,0,0 06-12:0,0,0,0 06-13:0,0,0,0 06-14:0,0,0,0 06-15:1,0,1,0 06-16:0,0,0,0 06-17:0,0,0,0 06-18:0,0,0,0 06-19:0,0,0,0 06-20:0,0,0,0 06-21:0,0,1,0 06-22:0,0,1,0 06-23:0,0,1,0 06-24:1,1,1,1 06-25:0,0,0,0 06-26:0,0,1,0 06-27:0,0,0,0 06-28:0,0,0,0 06-29:1,0,0,0 07-01:0,0,1,0 07-02:0,0,1,0 07-04:0,0,1,0 07-05:0,0,0,0 07-06:0,0,1,1 07-07:0,0,0,0 07-08:0,0,1,0 07-09:0,0,7,7 07-10:1,1,0,0 07-11:0,0,3,1 07-12:0,0,0,0 07-13:2,2,2,2 07-14:0,0,0,0 07-15:1,0,1,1 07-16:0,0,3,3 07-17:0,0,0,0 07-18:2,2,0,0 07-19:0,0,1,1 07-20:0,0,0,0 07-21:0,0,0,0 07-22:0,0,0,0 07-23:2,0,2,0 07-24:0,0,0,0 07-25:0,0,1,0 07-26:0,0,1,0 07-27:0,0,0,0 07-28:1,1,1,1 07-29:0,0,0,0 07-30:0,0,0,0 07-31:0,0,0,0 08-01:0,0,1,0 08-02:0,0,1,0 08-03:0,0,1,1 08-04:0,0,0,0 08-05:0,0,0,0 08-07:2,1,0,0 08-08:0,0,1,1 08-09:0,0,1,1 08-10:0,0,0,0 08-12:2,2,2,1 08-13:0,0,0,0 08-14:0,0,1,0 08-15:0,0,0,0 08-17:0,0,0,0 08-18:0,0,1,1 08-19:0,0,0,0 08-21:1,1,3,3 08-22:0,0,0,0 08-23:0,0,0,0 08-24:2,2,0,0 08-25:1,1,1,1 08-27:0,0,0,0 08-28:0,0,0,0 08-29:0,0,0,0
Iceland|05-19:0,0,0,0 06-06:0,0,0,0 06-09:0,0,0,0 06-10:0,0,0,0 06-26:0,0,0,0 07-03:0,0,0,0 07-27:0,0,0,0 07-30:0,0,0,0 08-11:0,0,0,0 08-22:0,0,0,0 08-24:0,0,0,0
India|05-31:0,0,0,0 06-27:0,0,0,0 07-05:0,0,0,0 07-08:0,0,0,0 07-24:0,0,0,0 07-28:0,0,0,0 07-29:0,0,0,0 08-02:0,0,0,0 08-06:0,0,0,0 08-14:0,0,0,0 08-17:0,0,0,0 08-18:0,0,0,0 08-20:0,0,0,0 08-21:0,0,0,0 08-26:0,0,0,0 08-27:0,0,0,0 08-28:0,0,0,0
Indonesia|05-13:0,0,0,0 05-14:0,0,0,0 05-15:0,0,0,0 05-16:0,0,0,0 05-17:0,0,0,0 05-18:0,0,0,0 05-19:0,0,0,0 05-20:0,0,0,0 05-21:0,0,2,1 05-22:0,0,0,0 05-23:0,0,0,0 05-24:0,0,0,0 05-25:0,0,0,0 05-26:0,0,0,0 05-27:0,0,0,0 05-28:0,0,0,0 05-29:0,0,0,0 05-31:0,0,0,0 06-01:0,0,0,0 06-02:0,0,0,0 06-03:0,0,0,0 06-04:0,0,0,0 06-05:0,0,0,0 06-06:0,0,0,0 06-07:0,0,0,0 06-08:0,0,1,0 06-09:0,0,0,0 06-10:0,0,0,0 06-11:0,0,0,0 06-12:0,0,0,0 06-13:0,0,1,0 06-14:0,0,0,0 06-15:0,0,0,0 06-16:0,0,0,0 06-17:0,0,0,0 06-18:0,0,1,1 06-19:0,0,0,0 06-20:0,0,0,0 06-21:0,0,0,0 06-26:0,0,0,0 06-30:0,0,0,0 07-09:0,0,0,0 07-14:0,0,1,1 08-04:1,0,0,0 08-16:0,0,0,0 08-20:0,0,0,0
Iran|07-09:0,0,0,0
Iraq|05-23:0,0,0,0 05-27:0,0,0,0 06-02:0,0,0,0 06-14:1,0,0,0 06-19:0,0,0,0 07-19:0,0,0,0 08-11:0,0,0,0
Ireland|05-13:0,0,0,0 05-14:0,0,1,1 05-16:0,0,0,0 05-17:0,0,1,1 05-18:0,0,0,0 05-19:1,0,0,0 05-21:0,0,1,1 05-22:0,0,0,0 05-23:1,0,0,0 05-24:0,0,0,0 05-27:0,0,0,0 05-28:0,0,0,0 05-29:0,0,0,0 06-01:0,0,0,0 06-04:0,0,0,0 06-05:0,0,0,0 06-06:0,0,0,0 06-07:0,0,1,1 06-09:0,0,0,0 06-10:0,0,1,1 06-11:1,1,0,0 06-12:2,0,0,0 06-13:1,0,2,2 06-14:1,0,3,2 06-15:0,0,1,1 06-16:0,0,0,0 06-17:0,0,1,0 06-18:0,0,0,0 06-19:0,0,2,2 06-20:0,0,0,0 06-21:0,0,0,0 06-24:0,0,0,0 06-29:0,0,0,0 07-02:1,1,0,0 07-03:0,0,0,0 07-04:1,0,1,1 07-08:0,0,0,0 07-09:0,0,0,0 07-12:0,0,0,0 07-13:0,0,0,0 07-14:1,0,0,0 07-15:1,1,0,0 07-16:0,0,0,0 07-17:0,0,0,0 07-18:0,0,0,0 07-22:0,0,0,0 07-24:0,0,0,0 07-25:0,0,1,1 07-26:0,0,0,0 07-27:0,0,1,1 07-28:0,0,0,0 07-29:0,0,0,0 07-31:0,0,1,1 08-01:1,0,0,0 08-06:1,1,0,0 08-07:1,1,0,0 08-09:0,0,0,0 08-13:0,0,0,0 08-14:1,1,0,0 08-15:2,2,2,0 08-16:0,0,0,0 08-17:1,1,0,0 08-19:0,0,0,0 08-20:0,0,1,1 08-21:0,0,1,1 08-24:0,0,0,0 08-26:1,0,0,0 08-27:0,0,0,0 08-28:0,0,0,0
Isle of Man|06-06:0,0,0,0 08-25:0,0,0,0
Israel|05-13:0,0,0,0 05-15:0,0,2,2 05-18:0,0,0,0 05-20:0,0,0,0 05-24:0,0,0,0 05-27:0,0,1,1 05-28:0,0,1,1 06-06:1,0,1,0 06-08:0,0,1,1 06-09:0,0,0,0 06-10:0,0,1,1 06-11:0,0,0,0 06-12:0,0,1,1 06-13:0,0,1,1 06-14:0,0,0,0 06-16:0,0,0,0 06-17:0,0,0,0 06-18:1,0,0,0 06-19:0,0,0,0 06-20:0,0,1,1 06-22:0,0,0,0 06-23:0,0,0,0 06-24:0,0,0,0 06-27:0,0,0,0 07-01:0,0,1,1 07-05:0,0,0,0 07-09:1,0,0,0 07-18:0,0,0,0 07-19:0,0,0,0 07-20:0,0,0,0 07-24:0,0,0,0 08-01:0,0,0,0 08-05:0,0,0,0 08-07:0,0,0,0 08-14:0,0,1,1 08-16:0,0,0,0 08-18:0,0,1,0 08-19:0,0,0,0 08-20:0,0,1,0 08-22:0,0,0,0 08-23:0,0,0,0 08-25:0,0,0,0 08-26:0,0,1,0 08-27:0,0,0,0 08-28:0,0,1,1
Italy|05-14:0,0,1,1 05-15:0,0,0,0 05-16:0,0,0,0 05-19:0,0,0,0 05-20:0,0,1,1 05-21:0,0,0,0 05-22:0,0,1,1 05-24:0,0,1,1 05-25:0,0,0,0 05-27:0,0,0,0 05-28:0,0,0,0 06-03:0,0,0,0 06-04:0,0,0,0 06-05:0,0,2,1 06-06:0,0,0,0 06-09:0,0,0,0 06-13:0,0,0,0 06-14:0,0,0,0 06-17:0,0,0,0 06-19:0,0,0,0 06-20:0,0,0,0 06-22:0,0,0,0 06-24:0,0,0,0 06-26:0,0,0,0 06-29:0,0,0,0 07-01:0,0,0,0 07-06:0,0,0,0 07-08:0,0,0,0 07-11:0,0,2,2 07-13:0,0,1,0 07-16:0,0,0,0 07-18:1,0,1,0 07-20:0,0,0,0 07-22:0,0,0,0 07-23:0,0,0,0 07-24:0,0,1,1 07-25:0,0,1,1 07-26:0,0,0,0 07-28:0,0,0,0 07-29:0,0,0,0 07-30:0,0,0,0 08-02:0,0,0,0 08-03:1,0,0,0 08-06:1,0,0,0 08-07:0,0,0,0 08-08:0,0,0,0 08-09:0,0,0,0 08-10:0,0,0,0 08-11:0,0,0,0 08-12:0,0,0,0 08-13:0,0,0,0 08-14:0,0,0,0 08-16:0,0,0,0 08-19:0,0,0,0 08-21:0,0,0,0 08-26:0,0,0,0 08-27:0,0,1,1
Ivory Coast|05-17:0,0,1,0 05-24:0,0,0,0 05-26:0,0,0,0 05-28:0,0,0,0 06-04:0,0,1,1 06-06:0,0,1,1 06-11:0,0,0,0 06-12:0,0,0,0 06-14:0,0,1,1 06-16:0,0,0,0 06-17:0,0,1,0 06-21:0,0,0,0 06-26:0,0,0,0 06-28:1,0,0,0 06-29:0,0,0,0 06-30:0,0,0,0 07-02:0,0,0,0 07-19:0,0,0,0 07-27:0,0,0,0 07-29:0,0,0,0 07-30:0,0,0,0 08-27:0,0,0,0
Jamaica|07-08:0,0,1,0 08-09:0,0,0,0
Japan|05-13:0,0,0,0 05-14:0,0,0,0 05-15:0,0,1,1 05-16:0,0,2,2 05-17:0,0,0,0 05-18:0,0,2,1 05-19:0,0,0,0 05-20:0,0,4,4 05-21:0,0,2,2 05-24:0,0,0,0 05-25:0,0,1,1 05-26:0,0,0,0 05-27:0,0,0,0 05-30:0,0,0,0 05-31:0,0,0,0 06-01:0,0,1,0 06-02:0,0,0,0 06-03:0,0,0,0 06-04:0,0,0,0 06-06:0,0,0,0 06-07:0,0,0,0 06-08:0,0,0,0 06-09:0,0,0,0 06-10:0,0,0,0 06-11:0,0,0,0 06-12:0,0,1,1 06-13:0,0,0,0 06-14:0,0,0,0 06-15:0,0,0,0 06-17:1,0,0,0 06-18:0,0,0,0 06-19:0,0,0,0 06-20:0,0,2,2 06-22:0,0,0,0 06-23:0,0,0,0 06-24:0,0,0,0 06-25:1,0,0,0 06-26:0,0,1,0 06-27:0,0,0,0 06-28:0,0,0,0 06-29:0,0,0,0 06-30:0,0,0,0 07-01:0,0,0,0 07-03:0,0,0,0 07-04:1,0,1,0 07-05:0,0,0,0 07-09:0,0,1,1 07-10:0,0,1,0 07-11:0,0,1,0 07-12:0,0,0,0 07-13:0,0,2,2 07-14:0,0,0,0 07-17:0,0,0,0 07-18:1,0,0,0 07-19:0,0,1,1 07-20:0,0,0,0 07-21:0,0,0,0 07-22:0,0,1,0 07-23:1,0,0,0 07-24:0,0,0,0 07-25:0,0,1,1 07-26:0,0,0,0 07-28:0,0,0,0 07-29:1,0,0,0 07-30:0,0,0,0 07-31:0,0,0,0 08-02:0,0,0,0 08-03:0,0,0,0 08-04:0,0,0,0 08-05:0,0,0,0 08-06:0,0,1,1 08-07:0,0,0,0 08-09:0,0,0,0 08-10:0,0,0,0 08-11:0,0,0,0 08-12:0,0,0,0 08-13:0,0,0,0 08-15:0,0,0,0 08-16:0,0,0,0 08-18:0,0,0,0 08-19:0,0,2,2 08-20:0,0,0,0 08-21:0,0,0,0 08-24:0,0,0,0 08-25:0,0,0,0 08-27:0,0,0,0 08-29:0,0,0,0
Jersey|06-06:1,0,0,0
Jordan|06-06:0,0,0,0 06-13:0,0,1,1 06-25:0,0,0,0 06-29:0,0,0,0 06-30:0,0,0,0 07-06:0,0,0,0 07-11:0,0,1,1 07-15:0,0,0,0 07-16:0,0,0,0 07-17:0,0,0,0 08-13:0,0,0,0 08-15:0,0,0,0 08-28:0,0,0,0
Kazakhstan|06-02:0,0,0,0 07-01:0,0,0,0 07-03:0,0,0,0 07-09:0,0,0,0 07-11:0,0,1,1 07-17:0,0,0,0 07-22:0,0,0,0 08-05:0,0,0,0 08-16:0,0,0,0 08-26:0,0,0,0 08-27:0,0,0,0
Kenya|05-13:0,0,0,0 05-17:0,0,0,0 05-18:0,0,0,0 05-20:0,0,0,0 05-22:0,0,0,0 05-23:0,0,0,0 05-24:0,0,0,0 05-26:0,0,0,0 05-28:0,0,0,0 05-30:0,0,1,0 06-01:0,0,0,0 06-02:0,0,0,0 06-06:0,0,0,0 06-09:0,0,0,0 06-12:0,0,0,0 06-16:0,0,0,0 06-18:0,0,0,0 06-19:0,0,0,0 06-20:0,0,0,0 06-21:0,0,0,0 06-24:0,0,0,0 06-25:0,0,0,0 06-26:0,0,0,0 06-28:0,0,0,0 06-29:0,0,0,0 07-01:0,0,0,0 07-06:0,0,0,0 07-10:0,0,0,0 07-13:0,0,0,0 07-17:0,0,0,0 07-18:0,0,0,0 07-21:0,0,0,0 07-22:0,0,0,0 07-24:0,0,0,0 07-25:0,0,0,0 07-26:0,0,0,0 07-29:0,0,0,0 08-02:0,0,0,0 08-03:0,0,0,0 08-04:0,0,0,0 08-11:0,0,0,0 08-14:0,0,0,0 08-15:0,0,0,0 08-16:0,0,0,0 08-19:0,0,0,0 08-20:0,0,0,0 08-21:0,0,0,0 08-24:0,0,0,0 08-26:0,0,0,0 08-29:0,0,0,0
Kosovo|05-14:0,0,0,0 05-28:0,0,0,0 06-14:1,0,0,0 06-15:0,0,0,0 06-18:0,0,0,0 06-19:0,0,0,0 06-29:1,0,0,0 06-30:0,0,0,0 07-03:0,0,0,0 07-08:1,0,0,0 07-09:1,0,1,0 07-10:0,0,2,1 07-12:0,0,0,0 07-13:0,0,4,2 07-14:1,0,0,0 07-15:0,0,0,0 07-16:1,0,0,0 07-17:0,0,0,0 07-18:0,0,2,0 07-19:1,0,0,0 07-23:0,0,0,0 07-27:0,0,0,0 08-05:0,0,0,0 08-06:1,0,0,0 08-20:0,0,1,1 08-21:0,0,0,0 08-22:0,0,0,0 08-23:1,0,0,0 08-26:0,0,0,0 08-27:0,0,0,0
Kuwait|06-01:0,0,0,0 06-11:1,0,0,0 07-01:0,0,0,0 07-27:0,0,1,0 07-31:0,0,0,0 08-03:0,0,0,0 08-04:0,0,0,0 08-24:0,0,0,0 08-26:0,0,0,0
Kyrgyzstan|08-21:0,0,0,0 08-26:0,0,0,0
Laos|05-24:0,0,0,0 06-26:0,0,1,0 07-01:0,0,0,0 07-09:0,0,0,0 07-10:0,0,1,1 07-30:0,0,1,0 08-06:0,0,0,0 08-20:0,0,1,1 08-22:0,0,0,0 08-28:0,0,0,0
Latvia|05-19:0,0,0,0 05-24:0,0,0,0 05-29:0,0,0,0 05-31:0,0,0,0 06-01:0,0,1,1 06-05:0,0,0,0 06-09:0,0,0,0 06-14:0,0,1,0 06-17:0,0,0,0 06-19:0,0,0,0 06-20:0,0,0,0 06-22:0,0,0,0 06-26:0,0,0,0 06-28:0,0,0,0 07-03:0,0,0,0 07-06:1,0,0,0 07-12:0,0,1,0 07-14:0,0,0,0 07-18:0,0,0,0 07-28:0,0,0,0 07-29:0,0,0,0 07-31:0,0,0,0 08-04:0,0,1,1 08-07:0,0,0,0 08-08:0,0,0,0 08-14:0,0,0,0 08-15:0,0,0,0 08-16:0,0,0,0 08-19:0,0,1,1 08-20:0,0,0,0 08-21:0,0,0,0 08-22:0,0,0,0 08-23:0,0,0,0 08-25:0,0,0,0 08-26:0,0,0,0 08-27:0,0,0,0
Lebanon|05-13:0,0,0,0 05-17:0,0,0,0 05-18:0,0,1,1 05-22:0,0,0,0 05-26:0,0,0,0 05-27:0,0,0,0 06-06:0,0,0,0 06-11:0,0,0,0 06-12:0,0,0,0 06-13:0,0,0,0 06-14:0,0,0,0 06-24:0,0,1,0 06-25:0,0,0,0 07-03:0,0,0,0 07-09:0,0,0,0 07-14:0,0,1,1 07-19:0,0,0,0 07-23:0,0,0,0 07-26:0,0,0,0 08-02:0,0,0,0 08-09:0,0,0,0 08-16:0,0,0,0 08-25:0,0,0,0 08-29:0,0,0,0
Lesotho|06-26:0,0,0,0 06-28:0,0,0,0 06-29:0,0,0,0 06-30:0,0,1,0 07-01:0,0,0,0 07-24:0,0,0,0
Liberia|06-27:0,0,0,0 06-29:0,0,0,0 06-30:0,0,0,0
Libya|05-25:0,0,0,0 06-19:0,0,0,0 06-20:0,0,1,1 06-30:0,0,0,0 07-16:0,0,0,0 07-26:0,0,0,0 07-29:0,0,0,0
Liechtenstein|07-01:0,0,0,0
Lithuania|05-13:0,0,0,0 05-14:0,0,1,1 05-15:1,1,0,0 05-16:1,1,0,0 05-17:0,0,0,0 05-18:0,0,0,0 05-19:1,1,0,0 05-20:2,1,0,0 05-21:0,0,0,0 05-22:1,1,1,0 05-25:0,0,0,0 05-26:0,0,0,0 05-27:0,0,1,1 05-28:1,0,0,0 05-29:0,0,0,0 06-01:0,0,0,0 06-02:0,0,0,0 06-07:0,0,0,0 06-09:0,0,1,1 06-10:0,0,0,0 06-11:0,0,0,0 06-12:0,0,1,1 06-13:0,0,0,0 06-14:0,0,2,0 06-17:0,0,1,1 06-19:1,0,0,0 06-20:0,0,0,0 06-21:0,0,0,0 06-22:0,0,1,0 06-23:0,0,0,0 06-24:0,0,0,0 06-25:2,0,2,2 06-26:0,0,0,0 06-27:0,0,1,0 06-28:0,0,0,0 06-29:0,0,0,0 07-01:1,1,1,0 07-02:1,0,1,0 07-03:1,0,1,1 07-04:0,0,0,0 07-05:1,0,0,0 07-06:0,0,0,0 07-07:0,0,1,1 07-08:0,0,0,0 07-09:2,2,0,0 07-11:0,0,0,0 07-12:0,0,0,0 07-13:1,0,0,0 07-14:1,1,0,0 07-16:0,0,0,0 07-17:0,0,0,0 07-18:0,0,0,0 07-19:1,1,1,1 07-21:0,0,0,0 07-22:0,0,2,0 07-23:0,0,1,0 07-24:0,0,0,0 07-25:0,0,0,0 07-26:0,0,0,0 07-27:0,0,1,0 07-28:0,0,0,0 07-29:0,0,1,1 07-30:0,0,0,0 07-31:0,0,0,0 08-01:0,0,1,0 08-03:0,0,0,0 08-05:0,0,0,0 08-10:0,0,0,0 08-11:0,0,1,1 08-13:0,0,0,0 08-14:0,0,0,0 08-16:1,1,0,0 08-18:0,0,0,0 08-20:0,0,0,0 08-21:0,0,0,0 08-22:1,1,0,0 08-23:1,1,0,0 08-26:0,0,0,0 08-27:1,0,0,0 08-28:0,0,0,0 08-29:0,0,0,0
Luxembourg|05-14:0,0,0,0 05-15:0,0,0,0 05-20:0,0,0,0 06-02:0,0,1,1 06-14:0,0,0,0 06-15:0,0,0,0 06-21:1,0,1,1 06-24:0,0,0,0 07-12:0,0,0,0 07-17:0,0,0,0 07-18:1,0,0,0 07-19:0,0,0,0 07-30:0,0,1,1 08-03:0,0,0,0 08-10:0,0,0,0 08-13:0,0,0,0 08-18:0,0,0,0 08-21:0,0,0,0 08-22:0,0,0,0 08-23:0,0,0,0 08-24:0,0,2,2 08-26:0,0,0,0 08-27:0,0,0,0
Madagascar|05-13:0,0,1,0 05-23:0,0,0,0 06-20:0,0,0,0 06-27:0,0,2,0 06-28:0,0,0,0 07-07:0,0,0,0 07-08:0,0,0,0 07-16:0,0,0,0 07-22:0,0,0,0 07-24:0,0,0,0 08-05:0,0,1,0
Malawi|06-19:0,0,0,0 07-01:0,0,0,0 07-17:0,0,0,0
Malaysia|05-13:0,0,1,0 05-21:0,0,0,0 05-22:0,0,1,0 05-23:0,0,0,0 05-24:0,0,0,0 05-29:0,0,0,0 06-02:0,0,0,0 06-05:0,0,0,0 06-13:0,0,0,0 06-15:0,0,0,0 06-16:0,0,0,0 06-18:0,0,0,0 06-19:0,0,0,0 06-20:0,0,0,0 06-21:0,0,0,0 06-22:0,0,0,0 06-25:0,0,0,0 07-02:0,0,0,0 07-03:0,0,0,0 07-04:0,0,0,0 07-05:0,0,0,0 07-08:0,0,0,0 07-09:0,0,0,0 07-10:0,0,0,0 07-12:0,0,0,0 07-13:0,0,0,0 07-14:0,0,0,0 07-16:0,0,0,0 07-17:0,0,0,0 07-19:0,0,0,0 07-22:0,0,0,0 07-26:0,0,0,0 07-29:0,0,1,0 07-31:0,0,0,0 08-05:0,0,0,0 08-09:0,0,0,0 08-13:0,0,0,0 08-16:0,0,0,0 08-17:0,0,0,0 08-19:0,0,1,1 08-23:0,0,0,0 08-24:0,0,0,0 08-28:0,0,0,0
Maldives|05-16:0,0,0,0 06-11:0,0,1,0 06-25:0,0,0,0 06-26:0,0,1,0 06-27:1,0,0,0 06-28:0,0,2,1 06-29:0,0,0,0 06-30:0,0,0,0 07-08:1,0,1,1 07-10:0,0,1,0 07-19:0,0,0,0 07-23:0,0,0,0 07-25:0,0,0,0 07-29:0,0,0,0 07-30:0,0,0,0 08-08:0,0,0,0
Mali|06-14:0,0,0,0 06-26:0,0,0,0 06-28:0,0,1,0 07-16:0,0,0,0 07-29:0,0,0,0 08-23:0,0,1,0
Malta|05-18:0,0,0,0 05-21:1,0,1,1 06-07:0,0,0,0 06-13:0,0,0,0 06-14:0,0,0,0 06-18:0,0,0,0 06-19:0,0,0,0 06-22:0,0,0,0 06-28:0,0,0,0 06-29:0,0,0,0 07-03:1,1,0,0 07-15:0,0,0,0 07-30:0,0,0,0 08-03:0,0,0,0 08-06:0,0,0,0 08-08:0,0,0,0 08-10:0,0,1,0 08-16:0,0,0,0 08-17:0,0,0,0 08-18:0,0,0,0 08-22:0,0,0,0 08-26:0,0,0,0
Martinique|06-16:0,0,0,0 06-18:0,0,0,0
Mauritania|07-13:0,0,0,0 08-12:0,0,1,1 08-17:0,0,0,0 08-23:0,0,0,0
Mexico|05-13:0,0,0,0 05-14:0,0,1,1 05-15:0,0,0,0 05-16:0,0,1,1 05-18:0,0,0,0 05-19:0,0,0,0 05-20:0,0,0,0 05-21:0,0,0,0 05-22:0,0,2,2 05-23:0,0,3,3 05-24:0,0,0,0 05-25:0,0,0,0 05-27:0,0,0,0 05-28:1,0,0,0 05-29:0,0,0,0 05-31:0,0,0,0 06-02:0,0,0,0 06-03:0,0,2,0 06-04:2,0,10,0 06-05:1,0,18,0 06-06:1,0,20,0 06-07:4,0,22,0 06-08:2,0,17,0 06-09:0,0,0,0 06-10:0,0,0,0 06-11:0,0,0,0 06-13:0,0,1,1 06-14:1,1,0,0 06-15:0,0,0,0 06-16:0,0,0,0 06-17:1,0,2,1 06-18:0,0,1,1 06-19:0,0,1,1 06-20:0,0,0,0 06-21:0,0,1,1 06-22:0,0,0,0 06-23:0,0,0,0 06-24:0,0,0,0 06-25:0,0,0,0 06-26:0,0,0,0 06-27:0,0,0,0 06-28:0,0,1,0 06-29:0,0,0,0 06-30:0,0,0,0 07-01:0,0,1,0 07-02:0,0,0,0 07-03:1,1,0,0 07-05:0,0,0,0 07-06:0,0,0,0 07-07:0,0,1,1 07-08:0,0,0,0 07-09:0,0,0,0 07-10:0,0,0,0 07-11:0,0,0,0 07-12:0,0,0,0 07-13:0,0,0,0 07-14:0,0,0,0 07-15:0,0,0,0 07-16:0,0,0,0 07-17:0,0,0,0 07-18:0,0,0,0 07-19:0,0,1,1 07-20:0,0,0,0 07-21:0,0,0,0 07-22:0,0,0,0 07-23:2,0,2,0 07-24:0,0,0,0 07-25:0,0,0,0 07-26:0,0,0,0 07-27:0,0,0,0 07-28:0,0,0,0 07-29:0,0,0,0 07-30:0,0,0,0 08-01:0,0,0,0 08-02:0,0,0,0 08-03:0,0,0,0 08-04:0,0,0,0 08-05:0,0,1,0 08-06:0,0,0,0 08-08:0,0,1,1 08-09:0,0,0,0 08-10:0,0,4,3 08-11:0,0,10,9 08-12:0,0,2,1 08-13:0,0,0,0 08-14:0,0,0,0 08-15:0,0,0,0 08-17:0,0,0,0 08-18:0,0,1,0 08-19:0,0,0,0 08-20:0,0,0,0 08-21:0,0,0,0 08-22:0,0,0,0 08-23:0,0,0,0 08-25:0,0,0,0 08-28:0,0,0,0
Moldova|05-14:0,0,0,0 05-15:0,0,0,0 05-22:0,0,0,0 05-23:0,0,0,0 05-26:0,0,1,1 06-01:0,0,0,0 06-03:0,0,0,0 06-05:0,0,0,0 06-09:0,0,0,0 06-10:0,0,1,1 06-18:0,0,0,0 06-19:0,0,0,0 06-23:0,0,0,0 07-02:0,0,0,0 07-05:0,0,0,0 07-06:0,0,0,0 07-16:0,0,0,0 07-17:0,0,0,0 07-18:0,0,0,0 07-21:0,0,0,0 08-09:0,0,1,1 08-18:0,0,0,0 08-20:0,0,0,0 08-22:0,0,0,0
Mongolia|05-14:0,0,0,0 07-03:0,0,0,0 07-24:0,0,0,0 08-17:0,0,0,0
Montenegro|05-30:0,0,0,0 06-03:0,0,1,0 06-04:0,0,0,0 07-20:0,0,0,0 07-25:0,0,0,0 07-30:0,0,0,0
Morocco|05-14:0,0,0,0 05-15:0,0,0,0 05-21:0,0,0,0 05-23:0,0,0,0 05-25:0,0,0,0 05-28:0,0,0,0 05-30:0,0,0,0 05-31:0,0,0,0 06-01:0,0,0,0 06-03:0,0,0,0 06-06:0,0,1,1 06-08:0,0,0,0 06-10:0,0,0,0 06-14:0,0,0,0 06-15:0,0,0,0 06-19:0,0,0,0 06-20:0,0,0,0 06-22:0,0,0,0 06-23:0,0,0,0 06-25:0,0,1,1 06-26:0,0,1,0 06-27:0,0,1,1 06-30:0,0,0,0 07-01:0,0,0,0 07-02:0,0,0,0 07-04:0,0,0,0 07-06:0,0,0,0 07-08:0,0,0,0 07-09:0,0,2,2 07-10:0,0,1,1 07-11:1,0,0,0 07-12:0,0,0,0 07-13:0,0,0,0 07-14:0,0,0,0 07-15:0,0,0,0 07-17:0,0,0,0 07-18:0,0,2,2 07-19:0,0,1,1 07-24:0,0,0,0 07-27:0,0,0,0 07-29:0,0,0,0 07-30:0,0,0,0 08-01:0,0,0,0 08-03:0,0,1,1 08-04:0,0,0,0 08-05:0,0,1,1 08-06:0,0,0,0 08-07:0,0,5,5 08-08:0,0,0,0 08-09:0,0,0,0 08-10:0,0,1,1 08-11:0,0,1,1 08-12:0,0,0,0 08-13:0,0,5,5 08-14:0,0,0,0 08-16:0,0,0,0 08-17:0,0,0,0 08-18:0,0,0,0 08-22:0,0,0,0 08-24:0,0,0,0 08-26:1,0,0,0 08-27:0,0,0,0 08-28:0,0,0,0
Mozambique|05-23:0,0,0,0 05-25:0,0,0,0 05-29:0,0,0,0 06-05:0,0,1,0 06-19:0,0,0,0 06-28:0,0,0,0 07-04:0,0,0,0 08-19:0,0,0,0
Myanmar|07-29:1,0,0,0 08-10:0,0,0,0
Namibia|06-08:0,0,0,0 06-25:0,0,0,0 06-26:0,0,1,0 06-27:0,0,0,0 06-28:0,0,0,0 07-01:0,0,0,0 07-18:0,0,0,0
Nepal|05-19:0,0,0,0 05-26:0,0,0,0 06-01:0,0,0,0 06-15:0,0,1,0 06-19:0,0,0,0 06-24:0,0,0,0 06-25:0,0,0,0 06-26:0,0,0,0 06-28:0,0,0,0 07-10:0,0,0,0 07-12:0,0,0,0 07-16:0,0,0,0 08-06:0,0,0,0 08-13:0,0,1,1 08-21:0,0,0,0 08-27:0,0,1,0
New Zealand|05-13:0,0,0,0 05-14:0,0,0,0 05-17:0,0,0,0 05-18:0,0,0,0 05-19:0,0,0,0 05-20:0,0,0,0 05-22:0,0,0,0 05-23:0,0,1,1 05-24:0,0,0,0 05-25:0,0,0,0 05-26:0,0,1,1 05-27:0,0,1,0 05-28:0,0,0,0 05-29:0,0,1,0 05-30:0,0,0,0 05-31:0,0,0,0 06-01:0,0,0,0 06-02:1,1,0,0 06-03:0,0,0,0 06-05:0,0,0,0 06-06:0,0,0,0 06-07:0,0,0,0 06-08:0,0,0,0 06-09:0,0,0,0 06-10:0,0,1,1 06-11:0,0,0,0 06-12:0,0,0,0 06-13:0,0,0,0 06-14:0,0,0,0 06-15:0,0,0,0 06-17:0,0,0,0 06-18:0,0,0,0 06-19:0,0,0,0 06-20:0,0,0,0 06-21:0,0,0,0 06-22:0,0,0,0 06-23:0,0,0,0 06-24:0,0,0,0 06-25:0,0,1,1 06-27:0,0,1,1 06-28:0,0,0,0 06-29:0,0,0,0 06-30:0,0,0,0 07-01:1,0,0,0 07-02:0,0,0,0 07-03:0,0,0,0 07-04:0,0,0,0 07-05:0,0,0,0 07-06:0,0,0,0 07-07:0,0,0,0 07-08:0,0,0,0 07-09:0,0,0,0 07-10:0,0,0,0 07-11:1,0,1,1 07-12:0,0,0,0 07-13:0,0,0,0 07-14:0,0,0,0 07-15:0,0,2,2 07-16:0,0,0,0 07-17:0,0,0,0 07-18:1,1,0,0 07-19:0,0,0,0 07-20:0,0,0,0 07-22:0,0,2,2 07-23:0,0,1,0 07-24:1,1,0,0 07-25:0,0,2,2 07-26:0,0,2,2 07-27:0,0,0,0 07-28:0,0,2,2 07-29:0,0,1,1 07-30:0,0,0,0 08-01:0,0,0,0 08-03:0,0,0,0 08-05:0,0,0,0 08-06:0,0,1,1 08-07:0,0,0,0 08-08:0,0,0,0 08-09:0,0,0,0 08-10:0,0,0,0 08-11:0,0,7,0 08-12:0,0,1,0 08-13:0,0,1,1 08-14:0,0,0,0 08-15:0,0,0,0 08-16:0,0,1,1 08-17:0,0,1,0 08-18:1,0,0,0 08-20:0,0,0,0 08-22:0,0,0,0 08-23:0,0,0,0 08-25:0,0,0,0 08-26:0,0,0,0 08-27:1,0,0,0 08-29:0,0,0,0
Niger|06-28:0,0,0,0
Nigeria|05-14:0,0,0,0 05-16:0,0,2,1 05-17:0,0,0,0 05-18:0,0,0,0 05-19:0,0,0,0 05-21:0,0,0,0 05-22:0,0,0,0 05-23:0,0,0,0 05-25:0,0,0,0 05-27:0,0,0,0 05-28:0,0,0,0 05-29:0,0,0,0 06-01:0,0,0,0 06-02:0,0,1,1 06-03:0,0,0,0 06-04:0,0,0,0 06-05:0,0,0,0 06-06:0,0,0,0 06-07:0,0,0,0 06-08:0,0,0,0 06-09:0,0,0,0 06-10:0,0,2,1 06-11:0,0,0,0 06-13:0,0,0,0 06-14:0,0,0,0 06-15:0,0,1,0 06-17:0,0,0,0 06-18:0,0,0,0 06-19:0,0,0,0 06-20:0,0,0,0 06-21:0,0,1,1 06-22:0,0,0,0 06-23:0,0,0,0 06-24:0,0,0,0 06-25:0,0,0,0 06-26:0,0,0,0 06-27:0,0,0,0 06-28:0,0,0,0 06-29:0,0,0,0 06-30:0,0,0,0 07-01:0,0,0,0 07-02:0,0,0,0 07-03:0,0,0,0 07-04:0,0,0,0 07-07:0,0,0,0 07-08:0,0,0,0 07-09:0,0,0,0 07-10:0,0,0,0 07-11:0,0,0,0 07-12:0,0,0,0 07-13:0,0,0,0 07-14:0,0,0,0 07-15:0,0,0,0 07-16:0,0,1,1 07-17:0,0,2,1 07-18:0,0,1,1 07-19:0,0,5,5 07-20:0,0,10,2 07-21:0,0,1,1 07-22:0,0,0,0 07-23:0,0,0,0 07-24:0,0,2,0 07-25:0,0,0,0 07-26:0,0,0,0 07-27:0,0,0,0 07-29:0,0,0,0 07-31:0,0,1,0 08-01:0,0,0,0 08-02:0,0,0,0 08-03:0,0,0,0 08-04:0,0,0,0 08-05:0,0,0,0 08-06:0,0,0,0 08-07:0,0,0,0 08-08:0,0,0,0 08-09:0,0,0,0 08-12:0,0,1,1 08-13:0,0,1,1 08-14:0,0,0,0 08-15:0,0,0,0 08-16:0,0,0,0 08-17:0,0,0,0 08-18:0,0,0,0 08-19:0,0,0,0 08-20:0,0,0,0 08-21:0,0,0,0 08-23:0,0,0,0 08-24:0,0,0,0 08-26:0,0,2,2 08-27:0,0,0,0 08-28:0,0,0,0 08-29:0,0,0,0
North Macedonia|06-26:0,0,0,0 07-03:0,0,0,0 07-09:0,0,0,0 07-25:0,0,0,0
Norway|05-13:0,0,1,1 05-14:0,0,1,1 05-15:1,0,4,4 05-16:0,0,2,2 05-17:0,0,4,4 05-18:0,0,0,0 05-19:0,0,1,1 05-20:1,1,2,2 05-21:0,0,1,1 05-22:0,0,2,2 05-23:0,0,2,2 05-24:0,0,3,3 05-25:0,0,4,4 05-26:0,0,2,2 05-27:0,0,0,0 05-28:0,0,0,0 05-29:0,0,2,2 05-30:0,0,0,0 05-31:0,0,1,0 06-01:0,0,0,0 06-02:0,0,0,0 06-03:1,0,1,1 06-04:0,0,3,1 06-05:0,0,0,0 06-06:0,0,1,1 06-07:0,0,1,1 06-08:0,0,0,0 06-09:1,0,0,0 06-10:1,1,1,1 06-11:1,1,0,0 06-12:0,0,1,1 06-13:0,0,1,1 06-14:1,0,0,0 06-15:0,0,1,0 06-16:0,0,1,1 06-17:0,0,1,1 06-18:0,0,3,3 06-19:1,1,3,3 06-20:0,0,2,2 06-21:0,0,1,1 06-22:1,0,0,0 06-23:0,0,1,1 06-24:0,0,3,1 06-25:0,0,2,2 06-26:1,0,2,1 06-27:1,0,3,3 06-28:4,2,4,3 06-29:1,1,1,0 06-30:2,1,1,1 07-01:0,0,0,0 07-02:0,0,1,1 07-03:0,0,2,2 07-04:0,0,0,0 07-05:1,0,0,0 07-06:0,0,0,0 07-07:1,1,1,1 07-08:0,0,2,2 07-09:4,2,0,0 07-10:3,1,0,0 07-11:1,0,1,1 07-12:0,0,3,2 07-13:2,1,0,0 07-14:0,0,0,0 07-15:1,0,0,0 07-16:0,0,0,0 07-17:1,1,0,0 07-18:0,0,0,0 07-19:2,2,1,1 07-20:0,0,0,0 07-21:1,0,1,0 07-22:1,1,1,1 07-24:1,0,0,0 07-25:0,0,0,0 07-26:0,0,1,1 07-27:1,1,1,0 07-28:2,2,2,2 07-29:0,0,1,1 07-30:1,1,0,0 07-31:0,0,1,1 08-01:1,1,0,0 08-02:0,0,1,1 08-03:2,0,0,0 08-04:1,1,0,0 08-05:0,0,3,3 08-06:1,1,0,0 08-07:2,1,2,1 08-08:0,0,1,1 08-09:2,1,1,1 08-10:2,0,1,1 08-11:0,0,2,1 08-12:1,1,3,1 08-13:0,0,3,3 08-14:3,2,0,0 08-15:1,0,2,2 08-16:0,0,0,0 08-17:0,0,1,1 08-18:1,1,2,2 08-19:0,0,0,0 08-20:0,0,0,0 08-21:3,0,1,1 08-22:3,0,0,0 08-23:1,1,1,0 08-24:1,0,0,0 08-25:0,0,1,1 08-26:1,0,0,0 08-27:1,0,2,1 08-28:0,0,0,0 08-29:1,1,1,1
Oman|07-14:0,0,0,0 07-29:0,0,1,0
Pakistan|05-18:0,0,0,0 05-19:0,0,0,0 05-22:0,0,0,0 05-26:0,0,1,0 05-29:0,0,0,0 05-31:0,0,1,0 06-02:0,0,0,0 06-04:0,0,0,0 06-07:0,0,0,0 06-10:0,0,0,0 06-16:0,0,0,0 06-19:1,0,0,0 06-20:0,0,0,0 06-23:0,0,0,0 06-25:0,0,0,0 06-26:0,0,0,0 06-29:0,0,0,0 06-30:0,0,0,0 07-01:0,0,0,0 07-06:1,0,0,0 07-09:0,0,1,0 07-10:0,0,0,0 07-12:0,0,0,0 07-14:0,0,0,0 07-16:0,0,0,0 07-17:0,0,0,0 07-18:0,0,0,0 07-20:0,0,0,0 07-23:0,0,0,0 07-25:0,0,0,0 07-27:0,0,0,0 07-28:1,0,0,0 07-29:0,0,0,0 07-31:0,0,0,0 08-04:0,0,0,0 08-05:0,0,2,2 08-09:0,0,0,0 08-10:0,0,0,0 08-11:0,0,1,1 08-14:0,0,0,0 08-16:0,0,0,0 08-17:0,0,0,0 08-18:0,0,0,0 08-20:0,0,0,0 08-21:0,0,0,0 08-25:0,0,0,0 08-26:0,0,0,0 08-27:0,0,0,0 08-29:0,0,0,0
Palestine|07-01:0,0,0,0
Panama|07-26:0,0,1,1 08-06:0,0,0,0 08-13:0,0,0,0
Papua New Guinea|05-18:0,0,0,0 05-29:0,0,0,0 06-25:0,0,0,0 06-26:0,0,0,0 06-27:0,0,0,0 06-28:0,0,1,0 06-30:0,0,0,0 07-17:0,0,0,0 07-19:0,0,0,0 07-29:0,0,0,0 08-20:0,0,0,0 08-29:0,0,0,0
Paraguay|05-15:0,0,1,1 05-29:0,0,0,0 06-11:0,0,1,0 06-12:0,0,1,0 06-13:0,0,1,1 06-15:0,0,0,0 06-16:1,0,4,0 06-17:0,0,1,0 06-19:0,0,2,0 06-20:0,0,2,0 06-21:0,0,0,0 06-22:0,0,0,0 06-23:0,0,0,0 06-24:1,0,1,0 06-25:0,0,2,0 06-26:0,0,0,0 06-27:0,0,1,0 06-28:0,0,2,0 06-29:0,0,2,0 06-30:1,0,1,0 07-01:1,0,1,0 07-02:0,0,1,1 07-03:0,0,1,0 07-04:0,0,0,0 07-05:0,0,1,0 07-06:0,0,3,0 07-07:0,0,0,0 07-08:0,0,0,0 07-09:0,0,0,0 07-10:0,0,0,0 07-11:0,0,0,0 07-12:0,0,0,0 07-13:0,0,1,0 07-14:0,0,1,0 07-15:0,0,3,2 07-16:0,0,0,0 07-17:0,0,1,0 07-18:0,0,1,0 07-19:0,0,0,0 07-20:1,0,2,0 07-21:0,0,0,0 07-22:0,0,1,0 07-23:0,0,0,0 07-24:0,0,2,0 07-25:0,0,0,0 07-26:1,0,0,0 07-30:0,0,0,0 08-02:0,0,0,0 08-07:0,0,0,0 08-12:0,0,0,0 08-16:0,0,0,0 08-22:0,0,0,0 08-29:0,0,0,0
Peru|05-13:0,0,0,0 05-14:0,0,0,0 05-15:0,0,0,0 05-16:1,0,0,0 05-17:0,0,1,0 05-18:0,0,0,0 05-20:0,0,0,0 05-21:0,0,1,0 05-22:0,0,1,0 05-23:0,0,0,0 05-24:0,0,0,0 05-25:0,0,0,0 05-26:0,0,0,0 05-27:0,0,0,0 05-28:0,0,1,0 05-29:0,0,0,0 05-30:0,0,1,0 05-31:0,0,1,0 06-01:0,0,1,0 06-02:0,0,0,0 06-03:0,0,0,0 06-04:1,0,0,0 06-05:0,0,2,0 06-06:0,0,0,0 06-07:0,0,0,0 06-08:0,0,1,0 06-09:0,0,0,0 06-10:0,0,0,0 06-11:0,0,1,0 06-12:0,0,0,0 06-13:0,0,0,0 06-14:0,0,0,0 06-16:0,0,0,0 06-17:0,0,0,0 06-18:0,0,0,0 06-19:0,0,0,0 06-20:0,0,0,0 06-21:0,0,0,0 06-22:0,0,0,0 06-23:0,0,0,0 06-24:0,0,1,0 06-25:0,0,0,0 06-26:0,0,1,0 06-27:0,0,1,1 06-28:0,0,0,0 06-29:0,0,0,0 06-30:0,0,1,0 07-01:0,0,0,0 07-02:0,0,0,0 07-03:0,0,0,0 07-04:0,0,0,0 07-05:0,0,0,0 07-06:0,0,0,0 07-07:0,0,1,0 07-08:0,0,0,0 07-09:0,0,0,0 07-10:0,0,0,0 07-12:0,0,0,0 07-14:0,0,1,0 07-18:0,0,0,0 07-19:0,0,0,0 07-20:0,0,0,0 07-21:0,0,0,0 07-25:0,0,0,0 07-26:0,0,0,0 07-27:0,0,0,0 07-28:0,0,1,0 07-29:0,0,0,0 07-30:1,0,1,1 08-01:0,0,0,0 08-02:0,0,0,0 08-03:0,0,0,0 08-04:0,0,0,0 08-06:0,0,0,0 08-07:0,0,0,0 08-08:0,0,1,1 08-11:0,0,0,0 08-12:0,0,1,0 08-13:0,0,1,0 08-16:0,0,0,0 08-18:0,0,1,1 08-23:0,0,0,0 08-26:0,0,0,0
Philippines|05-13:0,0,0,0 05-16:0,0,0,0 05-18:0,0,0,0 05-19:0,0,0,0 05-21:0,0,0,0 05-22:0,0,0,0 05-23:0,0,0,0 05-25:0,0,0,0 05-27:0,0,0,0 05-28:0,0,0,0 05-29:0,0,0,0 05-30:0,0,0,0 05-31:0,0,0,0 06-01:0,0,0,0 06-02:0,0,0,0 06-04:0,0,0,0 06-05:0,0,0,0 06-06:0,0,1,1 06-07:0,0,0,0 06-08:0,0,0,0 06-09:0,0,0,0 06-10:0,0,0,0 06-12:0,0,0,0 06-15:0,0,0,0 06-16:0,0,0,0 06-17:0,0,0,0 06-18:0,0,0,0 06-19:0,0,0,0 06-20:0,0,0,0 06-22:0,0,0,0 06-25:0,0,0,0 06-26:0,0,1,0 06-27:0,0,1,0 06-28:0,0,3,0 06-29:0,0,0,0 06-30:0,0,0,0 07-01:0,0,0,0 07-02:0,0,0,0 07-03:0,0,0,0 07-04:0,0,0,0 07-05:0,0,0,0 07-06:0,0,0,0 07-07:0,0,1,0 07-08:0,0,1,1 07-09:0,0,0,0 07-10:0,0,0,0 07-11:0,0,0,0 07-12:0,0,0,0 07-13:0,0,1,0 07-14:0,0,1,1 07-15:0,0,0,0 07-16:0,0,0,0 07-17:0,0,1,1 07-18:0,0,0,0 07-19:0,0,0,0 07-20:0,0,0,0 07-21:0,0,1,0 07-22:0,0,1,0 07-23:0,0,0,0 07-24:0,0,0,0 07-25:0,0,2,0 07-26:0,0,2,0 07-27:0,0,0,0 07-28:0,0,0,0 07-29:0,0,0,0 07-30:0,0,0,0 07-31:0,0,1,1 08-01:0,0,0,0 08-02:0,0,0,0 08-03:0,0,1,0 08-04:0,0,0,0 08-05:0,0,0,0 08-06:0,0,1,0 08-07:0,0,0,0 08-08:0,0,0,0 08-09:0,0,0,0 08-10:0,0,0,0 08-12:0,0,0,0 08-13:0,0,1,1 08-14:0,0,0,0 08-15:0,0,0,0 08-16:0,0,0,0 08-17:0,0,0,0 08-18:0,0,0,0 08-19:0,0,0,0 08-20:0,0,0,0 08-21:0,0,0,0 08-22:0,0,1,0 08-23:0,0,0,0 08-24:0,0,0,0 08-25:0,0,0,0 08-26:0,0,0,0 08-27:0,0,0,0
Poland|05-13:0,0,1,1 05-14:0,0,0,0 05-16:0,0,0,0 05-17:0,0,0,0 05-18:0,0,0,0 05-19:0,0,0,0 05-20:0,0,1,1 05-21:0,0,0,0 05-22:0,0,0,0 05-23:0,0,0,0 05-25:0,0,0,0 05-26:0,0,0,0 05-27:0,0,0,0 05-28:0,0,1,1 05-29:0,0,1,1 05-30:0,0,0,0 05-31:0,0,0,0 06-01:0,0,0,0 06-02:0,0,0,0 06-03:0,0,0,0 06-04:0,0,1,1 06-07:0,0,0,0 06-08:0,0,0,0 06-10:0,0,1,1 06-12:1,0,0,0 06-13:0,0,0,0 06-14:1,1,0,0 06-15:0,0,0,0 06-17:0,0,0,0 06-18:0,0,1,1 06-19:0,0,0,0 06-20:0,0,0,0 06-21:0,0,0,0 06-22:0,0,0,0 06-23:0,0,0,0 06-25:0,0,0,0 06-26:1,1,0,0 06-29:0,0,0,0 07-01:0,0,0,0 07-02:0,0,0,0 07-03:0,0,0,0 07-04:0,0,0,0 07-05:0,0,0,0 07-06:0,0,0,0 07-07:0,0,0,0 07-10:0,0,0,0 07-11:1,0,0,0 07-12:0,0,0,0 07-13:0,0,0,0 07-15:0,0,1,1 07-16:0,0,0,0 07-17:0,0,4,4 07-18:0,0,2,2 07-19:0,0,0,0 07-20:0,0,1,1 07-21:0,0,8,8 07-23:0,0,0,0 07-24:0,0,1,1 07-25:1,0,0,0 07-26:0,0,0,0 07-27:0,0,0,0 07-30:0,0,0,0 07-31:0,0,0,0 08-01:0,0,0,0 08-02:1,0,0,0 08-03:0,0,0,0 08-04:0,0,0,0 08-05:0,0,0,0 08-06:0,0,0,0 08-07:0,0,0,0 08-08:0,0,0,0 08-09:0,0,0,0 08-10:0,0,0,0 08-11:0,0,0,0 08-13:1,0,1,1 08-14:0,0,1,1 08-15:0,0,0,0 08-16:0,0,0,0 08-17:0,0,0,0 08-18:0,0,1,1 08-20:0,0,0,0 08-21:0,0,0,0 08-22:0,0,0,0 08-23:0,0,0,0 08-25:0,0,0,0 08-26:0,0,0,0 08-27:0,0,0,0 08-28:0,0,0,0 08-29:0,0,3,3
Portugal|05-13:0,0,1,1 05-14:0,0,5,5 05-15:1,1,11,11 05-16:0,0,5,5 05-17:0,0,19,19 05-18:0,0,5,5 05-19:1,0,6,6 05-20:0,0,9,9 05-21:3,3,15,14 05-22:1,1,13,13 05-23:1,1,13,13 05-24:7,7,13,12 05-25:0,0,12,11 05-26:0,0,7,6 05-27:0,0,8,8 05-28:0,0,1,1 05-29:0,0,4,4 05-30:0,0,0,0 05-31:0,0,0,0 06-01:0,0,0,0 06-02:0,0,0,0 06-06:0,0,1,0 06-07:0,0,2,1 06-08:0,0,1,0 06-09:0,0,3,3 06-10:0,0,3,2 06-11:0,0,2,2 06-12:3,2,0,0 06-13:0,0,2,2 06-14:0,0,2,1 06-15:0,0,2,1 06-16:1,1,2,2 06-17:0,0,1,1 06-18:0,0,3,3 06-19:1,0,3,3 06-20:1,1,2,1 06-21:0,0,1,1 06-22:0,0,2,2 06-23:0,0,1,1 06-24:0,0,1,1 06-25:0,0,4,4 06-26:0,0,0,0 06-27:0,0,3,2 06-29:1,1,0,0 06-30:0,0,0,0 07-03:0,0,1,1 07-05:0,0,0,0 07-06:0,0,1,1 07-07:0,0,1,1 07-08:0,0,0,0 07-09:0,0,0,0 07-11:0,0,1,1 07-12:0,0,1,1 07-13:0,0,1,1 07-14:0,0,1,1 07-15:2,2,2,2 07-16:0,0,3,3 07-17:1,1,0,0 07-18:0,0,1,1 07-20:0,0,3,3 07-21:0,0,0,0 07-22:0,0,4,4 07-24:0,0,2,2 07-26:1,0,0,0 07-28:0,0,3,3 07-29:0,0,0,0 08-01:0,0,0,0 08-03:0,0,0,0 08-04:0,0,0,0 08-05:0,0,1,1 08-07:0,0,0,0 08-08:0,0,0,0 08-10:0,0,0,0 08-11:0,0,1,1 08-12:0,0,1,1 08-13:0,0,0,0 08-15:0,0,0,0 08-16:0,0,0,0 08-18:0,0,1,1 08-19:0,0,0,0 08-20:0,0,0,0 08-21:0,0,0,0 08-23:0,0,0,0 08-25:0,0,0,0 08-26:0,0,0,0 08-27:0,0,0,0
Puerto Rico|05-17:0,0,1,1 05-31:0,0,0,0 06-15:1,0,0,0 07-29:0,0,0,0 08-21:0,0,0,0
Qatar|05-21:0,0,0,0 07-12:1,0,1,1 07-31:0,0,0,0 08-06:0,0,0,0 08-07:0,0,0,0
Romania|05-13:1,1,0,0 05-14:0,0,0,0 05-16:0,0,1,0 05-17:0,0,2,0 05-18:0,0,2,0 05-19:1,0,0,0 05-20:0,0,0,0 05-21:0,0,0,0 05-22:0,0,0,0 05-23:0,0,2,0 05-24:0,0,0,0 05-25:0,0,1,1 05-26:0,0,0,0 05-27:0,0,0,0 05-28:0,0,0,0 05-29:0,0,1,0 05-30:0,0,0,0 05-31:0,0,4,0 06-01:0,0,0,0 06-02:0,0,0,0 06-03:0,0,2,0 06-04:0,0,1,0 06-05:0,0,0,0 06-06:0,0,0,0 06-07:0,0,0,0 06-08:0,0,0,0 06-09:0,0,0,0 06-10:0,0,1,0 06-11:0,0,0,0 06-12:1,0,1,1 06-13:0,0,0,0 06-14:0,0,0,0 06-15:0,0,0,0 06-16:0,0,0,0 06-17:0,0,0,0 06-18:0,0,0,0 06-19:0,0,0,0 06-20:1,1,1,0 06-21:0,0,0,0 06-22:2,1,1,1 06-23:0,0,0,0 06-24:0,0,2,2 06-25:0,0,1,0 06-26:0,0,1,0 06-27:0,0,2,0 06-28:0,0,1,1 06-29:0,0,0,0 06-30:1,1,1,0 07-01:0,0,0,0 07-02:0,0,2,1 07-03:1,1,1,0 07-04:0,0,0,0 07-05:0,0,0,0 07-06:1,1,2,0 07-07:0,0,0,0 07-08:0,0,1,0 07-09:0,0,1,0 07-10:1,0,0,0 07-11:0,0,1,0 07-12:0,0,0,0 07-13:0,0,1,1 07-14:1,0,2,1 07-15:0,0,1,0 07-16:0,0,1,0 07-17:0,0,0,0 07-18:0,0,1,0 07-20:0,0,0,0 07-21:0,0,0,0 07-22:1,1,1,0 07-23:1,1,1,0 07-24:0,0,3,0 07-25:0,0,0,0 07-26:0,0,2,0 07-27:0,0,4,0 07-28:0,0,3,1 07-29:0,0,1,0 07-30:0,0,2,0 07-31:0,0,2,0 08-01:0,0,2,0 08-02:0,0,2,1 08-03:0,0,0,0 08-04:1,1,1,0 08-05:0,0,0,0 08-06:0,0,1,0 08-07:0,0,0,0 08-08:0,0,0,0 08-09:0,0,0,0 08-10:1,1,0,0 08-11:1,1,0,0 08-12:0,0,0,0 08-13:2,1,1,1 08-14:1,1,0,0 08-15:0,0,0,0 08-16:0,0,1,0 08-17:2,2,1,1 08-18:0,0,1,1 08-19:0,0,0,0 08-20:0,0,0,0 08-21:3,2,0,0 08-22:0,0,0,0 08-23:1,0,0,0 08-24:0,0,0,0 08-25:1,1,1,1 08-27:0,0,0,0 08-28:0,0,0,0 08-29:0,0,0,0
Russia|05-16:0,0,0,0 06-10:0,0,0,0 06-16:0,0,1,1 06-21:0,0,0,0 06-28:0,0,1,1 07-02:0,0,0,0 07-03:0,0,0,0 07-05:0,0,0,0 07-07:0,0,0,0 07-19:0,0,0,0 07-31:0,0,0,0 08-10:0,0,0,0 08-19:0,0,0,0
Rwanda|06-25:0,0,0,0 06-26:0,0,0,0 06-28:0,0,0,0 06-29:0,0,0,0 07-18:0,0,0,0 07-23:0,0,0,0
Réunion|08-24:0,0,0,0
Saint Barthélemy|05-27:0,0,0,0
Saudi Arabia|05-16:0,0,1,0 06-24:0,0,0,0 07-12:0,0,0,0 07-31:0,0,0,0 08-07:0,0,0,0 08-20:0,0,0,0
Senegal|06-26:0,0,0,0 06-27:0,0,0,0 06-28:0,0,0,0 06-29:0,0,0,0 06-30:0,0,0,0 07-16:0,0,0,0 07-18:0,0,0,0
Serbia|05-14:0,0,0,0 05-15:0,0,0,0 05-16:0,0,0,0 05-17:0,0,0,0 05-18:0,0,1,1 05-19:0,0,1,0 05-21:0,0,0,0 05-22:0,0,0,0 05-23:0,0,0,0 05-24:0,0,0,0 05-26:0,0,0,0 05-27:0,0,0,0 05-28:0,0,1,0 05-29:0,0,0,0 05-30:0,0,0,0 05-31:0,0,1,0 06-01:0,0,2,0 06-02:0,0,4,0 06-03:0,0,2,0 06-04:0,0,2,0 06-05:0,0,1,0 06-06:0,0,1,0 06-07:0,0,2,0 06-08:0,0,3,0 06-09:2,0,1,0 06-10:0,0,0,0 06-11:0,0,1,0 06-12:0,0,1,0 06-13:0,0,0,0 06-14:1,0,1,0 06-15:0,0,0,0 06-16:0,0,1,0 06-17:1,0,1,0 06-18:0,0,0,0 06-19:0,0,1,0 06-20:1,0,1,0 06-21:0,0,0,0 06-22:0,0,4,1 06-23:0,0,0,0 06-24:0,0,0,0 06-25:0,0,0,0 06-26:0,0,2,0 06-27:0,0,0,0 06-28:0,0,0,0 06-29:0,0,1,0 06-30:0,0,0,0 07-01:1,0,0,0 07-02:1,0,0,0 07-03:0,0,1,0 07-04:0,0,0,0 07-05:0,0,0,0 07-06:0,0,1,0 07-07:0,0,0,0 07-08:0,0,0,0 07-10:0,0,0,0 07-11:0,0,1,1 07-12:0,0,1,0 07-13:2,0,1,0 07-14:0,0,2,1 07-15:0,0,0,0 07-17:0,0,0,0 07-18:0,0,0,0 07-19:0,0,1,1 07-20:0,0,0,0 07-21:0,0,2,0 07-22:0,0,1,0 07-23:0,0,2,0 07-24:0,0,0,0 07-25:0,0,1,0 07-26:0,0,3,0 07-27:0,0,1,0 07-28:0,0,1,0 07-29:0,0,1,0 07-30:0,0,0,0 07-31:0,0,2,0 08-01:0,0,0,0 08-02:0,0,0,0 08-03:0,0,0,0 08-04:0,0,1,0 08-06:0,0,0,0 08-08:0,0,0,0 08-09:0,0,1,1 08-10:0,0,1,1 08-11:0,0,1,0 08-12:0,0,0,0 08-14:0,0,0,0 08-15:0,0,2,1 08-16:0,0,1,0 08-17:0,0,0,0 08-19:0,0,0,0 08-22:0,0,2,1 08-23:1,0,0,0 08-26:0,0,0,0 08-28:0,0,0,0
Seychelles|06-10:0,0,0,0 07-09:0,0,0,0
Sierra Leone|07-29:0,0,0,0
Singapore|06-02:0,0,0,0 06-06:0,0,0,0
Slovakia|05-21:0,0,0,0 05-22:0,0,0,0 05-23:0,0,0,0 05-28:0,0,0,0 05-31:0,0,0,0 06-01:0,0,0,0 06-03:0,0,0,0 06-11:0,0,0,0 06-16:0,0,0,0 06-17:0,0,0,0 06-18:0,0,0,0 06-20:0,0,0,0 06-24:0,0,0,0 06-26:0,0,0,0 06-28:0,0,0,0 06-29:0,0,0,0 06-30:0,0,1,0 07-02:0,0,1,0 07-03:0,0,1,0 07-08:0,0,0,0 07-09:0,0,0,0 07-11:1,0,0,0 07-12:0,0,1,1 07-17:0,0,0,0 07-19:0,0,0,0 07-23:0,0,0,0 07-24:0,0,2,0 07-25:0,0,0,0 07-26:0,0,1,0 07-27:0,0,1,0 07-29:0,0,1,0 07-30:0,0,0,0 07-31:0,0,0,0 08-01:0,0,0,0 08-02:0,0,0,0 08-05:0,0,0,0 08-07:0,0,0,0 08-09:0,0,0,0 08-16:0,0,0,0 08-19:0,0,0,0 08-24:1,1,0,0 08-26:0,0,0,0 08-28:1,0,1,1 08-29:0,0,0,0
Slovenia|05-20:0,0,0,0 05-31:0,0,0,0 06-06:0,0,0,0 06-19:0,0,0,0 07-08:0,0,0,0 07-30:0,0,0,0 08-06:0,0,0,0 08-07:0,0,1,1 08-08:0,0,0,0 08-13:0,0,0,0 08-16:0,0,0,0
Solomon Islands|05-23:0,0,0,0
Somalia|05-14:0,0,0,0 05-15:0,0,0,0 06-02:0,0,0,0 06-27:0,0,2,0 06-30:0,0,0,0 07-01:0,0,0,0 08-18:0,0,0,0
South Africa|05-13:0,0,0,0 05-14:0,0,0,0 05-15:0,0,1,0 05-16:0,0,2,0 05-17:0,0,0,0 05-18:0,0,0,0 05-19:0,0,2,0 05-20:0,0,1,0 05-21:0,0,0,0 05-22:0,0,0,0 05-23:0,0,1,0 05-24:0,0,0,0 05-25:0,0,2,0 05-26:1,0,1,0 05-27:0,0,1,0 05-28:0,0,1,0 05-29:0,0,0,0 05-30:0,0,0,0 05-31:0,0,1,0 06-01:0,0,0,0 06-02:0,0,2,0 06-03:0,0,0,0 06-04:0,0,1,0 06-05:0,0,3,0 06-06:0,0,0,0 06-07:0,0,1,0 06-08:0,0,0,0 06-09:0,0,0,0 06-10:0,0,1,0 06-11:0,0,1,0 06-12:0,0,2,0 06-13:1,0,0,0 06-14:2,0,3,0 06-15:0,0,1,0 06-16:0,0,2,0 06-17:0,0,1,0 06-18:0,0,0,0 06-19:0,0,0,0 06-20:0,0,1,0 06-21:0,0,0,0 06-22:0,0,0,0 06-23:0,0,0,0 06-24:0,0,0,0 06-25:0,0,4,0 06-26:0,0,5,0 06-27:0,0,5,0 06-28:1,0,5,0 06-29:0,0,6,0 06-30:2,0,14,0 07-01:1,0,10,0 07-02:0,0,1,0 07-03:0,0,0,0 07-04:0,0,2,0 07-05:1,0,0,0 07-06:0,0,1,0 07-07:0,0,0,0 07-08:0,0,2,0 07-09:0,0,1,0 07-10:0,0,0,0 07-11:0,0,1,0 07-12:0,0,0,0 07-13:0,0,0,0 07-14:0,0,1,0 07-15:0,0,1,0 07-16:0,0,1,0 07-17:1,0,0,0 07-18:0,0,0,0 07-19:0,0,1,0 07-20:0,0,0,0 07-21:0,0,0,0 07-22:0,0,0,0 07-23:0,0,0,0 07-24:0,0,0,0 07-25:0,0,2,0 07-26:1,0,0,0 07-27:2,0,2,0 07-28:0,0,0,0 07-29:1,0,2,0 07-30:0,0,1,0 07-31:1,0,0,0 08-01:0,0,0,0 08-02:0,0,0,0 08-03:0,0,2,0 08-04:0,0,0,0 08-05:0,0,0,0 08-06:0,0,1,0 08-07:0,0,0,0 08-08:0,0,1,0 08-09:0,0,0,0 08-10:0,0,0,0 08-11:0,0,0,0 08-12:0,0,0,0 08-13:0,0,1,0 08-14:0,0,1,0 08-15:0,0,1,0 08-16:0,0,0,0 08-17:0,0,0,0 08-18:0,0,2,0 08-19:0,0,2,1 08-20:0,0,0,0 08-21:0,0,0,0 08-22:0,0,2,0 08-23:0,0,1,0 08-24:0,0,0,0 08-25:0,0,1,0 08-26:0,0,0,0 08-27:0,0,1,0 08-28:0,0,0,0 08-29:0,0,0,0
South Korea|05-28:0,0,0,0 06-04:0,0,1,1 06-15:0,0,0,0 06-18:0,0,0,0 06-30:0,0,0,0 07-10:0,0,0,0 08-17:0,0,0,0 08-23:0,0,0,0
South Sudan|06-25:0,0,0,0 06-27:0,0,0,0 07-15:0,0,1,0 08-04:0,0,0,0
Spain|05-13:1,1,2,0 05-14:0,0,1,1 05-15:0,0,0,0 05-16:0,0,0,0 05-17:0,0,0,0 05-18:0,0,0,0 05-19:0,0,0,0 05-20:0,0,0,0 05-27:0,0,1,1 05-28:0,0,0,0 05-29:0,0,1,0 05-30:0,0,1,0 05-31:0,0,2,0 06-01:0,0,1,0 06-02:0,0,0,0 06-03:0,0,0,0 06-04:0,0,0,0 06-05:0,0,0,0 06-06:0,0,1,0 06-07:0,0,0,0 06-08:0,0,1,0 06-09:0,0,1,0 06-10:0,0,0,0 06-11:0,0,1,0 06-12:0,0,3,0 06-13:0,0,0,0 06-14:0,0,1,1 06-15:0,0,0,0 06-16:0,0,0,0 06-17:0,0,0,0 06-18:0,0,0,0 06-19:0,0,1,0 06-20:2,1,0,0 06-21:0,0,1,0 06-22:0,0,0,0 06-23:1,0,1,1 06-24:0,0,0,0 06-25:1,1,1,0 06-26:0,0,1,0 06-27:0,0,1,0 06-28:0,0,0,0 06-29:4,0,1,1 06-30:0,0,1,0 07-01:0,0,1,0 07-02:0,0,1,0 07-03:0,0,1,1 07-04:0,0,0,0 07-05:0,0,0,0 07-06:0,0,1,0 07-08:0,0,0,0 07-09:1,1,1,1 07-10:0,0,1,0 07-11:1,0,0,0 07-12:0,0,0,0 07-13:0,0,1,0 07-14:0,0,1,1 07-15:0,0,0,0 07-17:1,0,0,0 07-18:0,0,1,0 07-19:0,0,0,0 07-20:0,0,0,0 07-21:0,0,0,0 07-22:0,0,0,0 07-23:0,0,0,0 07-24:1,0,1,0 07-25:0,0,2,0 07-26:0,0,0,0 07-27:3,1,0,0 07-28:0,0,0,0 07-29:1,0,0,0 07-30:1,1,2,0 07-31:0,0,1,1 08-01:0,0,0,0 08-02:1,1,2,0 08-03:0,0,1,1 08-04:0,0,0,0 08-05:0,0,0,0 08-06:0,0,0,0 08-07:2,2,0,0 08-08:0,0,2,2 08-09:0,0,0,0 08-10:1,0,0,0 08-11:0,0,0,0 08-12:0,0,0,0 08-13:0,0,2,1 08-14:1,1,0,0 08-15:0,0,0,0 08-16:0,0,0,0 08-17:0,0,1,0 08-18:0,0,0,0 08-19:0,0,0,0 08-20:0,0,0,0 08-21:1,0,0,0 08-22:0,0,0,0 08-23:0,0,2,1 08-24:1,1,0,0 08-25:0,0,0,0 08-26:1,1,1,1 08-27:0,0,0,0 08-28:1,1,2,0 08-29:2,2,0,0
Sri Lanka|05-17:0,0,0,0 05-29:0,0,0,0 05-30:0,0,0,0 06-04:0,0,0,0 06-06:0,0,0,0 06-09:0,0,0,0 06-16:0,0,0,0 06-26:0,0,0,0 06-27:0,0,0,0 06-28:1,0,1,0 06-29:0,0,0,0 06-30:0,0,0,0 07-10:0,0,0,0 07-19:0,0,0,0 07-20:0,0,0,0 07-29:0,0,0,0 07-30:0,0,0,0 07-31:0,0,0,0 08-05:0,0,1,1 08-16:0,0,0,0 08-18:0,0,0,0 08-20:0,0,0,0 08-23:0,0,0,0
Sudan|06-11:0,0,0,0 07-01:0,0,0,0 07-08:0,0,0,0 08-10:0,0,0,0
Suriname|06-20:0,0,0,0 06-25:0,0,0,0 07-05:0,0,0,0 07-11:0,0,0,0 07-17:0,0,0,0 07-27:0,0,0,0
Sweden|05-15:0,0,0,0 05-16:1,0,0,0 05-17:0,0,0,0 05-18:0,0,6,5 05-19:0,0,1,1 05-20:0,0,0,0 05-21:1,0,0,0 05-22:0,0,0,0 05-23:0,0,0,0 05-24:0,0,0,0 05-25:0,0,0,0 05-26:1,1,2,2 05-27:1,1,0,0 05-28:2,1,1,0 05-29:1,1,0,0 05-30:0,0,0,0 05-31:0,0,0,0 06-01:0,0,0,0 06-02:0,0,0,0 06-03:1,0,0,0 06-04:0,0,0,0 06-05:0,0,0,0 06-06:2,1,0,0 06-07:1,1,1,0 06-08:0,0,0,0 06-09:0,0,1,0 06-10:0,0,0,0 06-12:0,0,0,0 06-13:0,0,0,0 06-14:0,0,0,0 06-16:0,0,0,0 06-17:0,0,1,0 06-18:0,0,0,0 06-19:2,1,1,0 06-20:0,0,1,1 06-21:0,0,0,0 06-22:1,0,1,0 06-23:0,0,0,0 06-24:0,0,1,0 06-25:0,0,0,0 06-26:1,0,2,1 06-27:0,0,1,0 06-28:0,0,0,0 06-29:1,0,0,0 06-30:0,0,0,0 07-01:0,0,1,0 07-02:1,0,0,0 07-03:0,0,0,0 07-04:1,0,0,0 07-05:1,0,3,1 07-06:0,0,1,1 07-07:3,1,1,0 07-08:0,0,2,2 07-09:1,0,7,3 07-10:1,0,0,0 07-11:1,1,0,0 07-13:0,0,0,0 07-14:0,0,1,1 07-15:0,0,0,0 07-16:0,0,1,1 07-17:0,0,0,0 07-18:1,1,3,3 07-20:0,0,0,0 07-21:0,0,0,0 07-22:0,0,0,0 07-23:0,0,1,1 07-24:0,0,0,0 07-25:1,0,0,0 07-26:0,0,0,0 07-27:2,1,1,1 07-28:0,0,2,1 07-29:2,1,2,2 07-30:0,0,0,0 07-31:0,0,1,0 08-01:2,1,0,0 08-02:0,0,2,0 08-03:1,0,0,0 08-04:3,2,0,0 08-05:1,1,0,0 08-06:0,0,0,0 08-07:1,0,0,0 08-08:1,1,2,1 08-10:1,1,0,0 08-11:0,0,0,0 08-12:0,0,0,0 08-13:0,0,0,0 08-14:0,0,0,0 08-15:0,0,1,0 08-16:0,0,1,1 08-17:1,0,0,0 08-18:0,0,0,0 08-19:2,0,1,0 08-20:1,0,0,0 08-21:1,1,0,0 08-22:0,0,0,0 08-23:0,0,0,0 08-24:1,0,0,0 08-25:3,2,0,0 08-26:0,0,1,1 08-27:0,0,0,0 08-28:0,0,0,0 08-29:1,0,1,0
Switzerland|05-13:0,0,0,0 05-15:0,0,0,0 05-16:0,0,0,0 05-17:0,0,0,0 05-19:0,0,0,0 05-20:0,0,0,0 05-21:0,0,0,0 05-22:0,0,0,0 05-23:0,0,1,1 05-24:0,0,0,0 05-26:0,0,0,0 05-27:0,0,0,0 05-28:0,0,0,0 05-29:0,0,0,0 05-30:0,0,0,0 05-31:0,0,0,0 06-02:0,0,1,0 06-03:0,0,0,0 06-04:0,0,1,1 06-05:0,0,1,1 06-07:0,0,0,0 06-09:0,0,0,0 06-11:0,0,0,0 06-12:0,0,0,0 06-13:0,0,1,1 06-14:0,0,0,0 06-15:0,0,1,1 06-16:0,0,0,0 06-17:0,0,0,0 06-19:0,0,0,0 06-20:0,0,0,0 06-21:0,0,0,0 06-22:0,0,0,0 06-23:0,0,0,0 06-25:0,0,0,0 06-26:0,0,0,0 06-29:1,0,0,0 07-01:0,0,0,0 07-02:0,0,0,0 07-03:0,0,0,0 07-04:0,0,1,1 07-05:0,0,0,0 07-06:0,0,0,0 07-08:0,0,0,0 07-10:0,0,1,1 07-14:0,0,0,0 07-15:0,0,0,0 07-16:0,0,0,0 07-17:0,0,0,0 07-18:0,0,1,0 07-19:0,0,0,0 07-20:0,0,0,0 07-22:0,0,0,0 07-23:0,0,0,0 07-24:0,0,0,0 07-29:0,0,0,0 07-30:0,0,1,1 07-31:0,0,0,0 08-01:0,0,0,0 08-02:0,0,0,0 08-04:0,0,0,0 08-05:0,0,0,0 08-06:0,0,0,0 08-07:1,1,0,0 08-08:0,0,0,0 08-11:0,0,1,1 08-12:0,0,0,0 08-13:0,0,1,1 08-14:0,0,0,0 08-15:0,0,0,0 08-18:0,0,0,0 08-19:0,0,1,1 08-22:0,0,0,0 08-23:0,0,1,1 08-27:0,0,0,0 08-28:0,0,0,0
Syria|05-23:0,0,0,0 05-31:0,0,0,0 06-07:0,0,1,1 06-30:0,0,0,0 08-12:0,0,0,0
Taiwan|05-20:0,0,0,0 05-30:0,0,0,0 06-13:0,0,0,0 06-19:0,0,0,0 06-29:0,0,0,0 06-30:1,0,0,0 07-09:0,0,0,0 07-10:0,0,0,0 07-11:0,0,0,0 07-13:0,0,0,0 07-14:0,0,0,0 07-21:0,0,0,0 07-29:0,0,0,0 08-05:0,0,0,0 08-16:0,0,0,0 08-18:0,0,0,0 08-22:0,0,0,0 08-23:0,0,0,0
Tajikistan|06-11:0,0,0,0 07-02:0,0,0,0 08-20:0,0,0,0
Tanzania|05-21:0,0,0,0 06-22:0,0,0,0 06-26:0,0,0,0 06-27:0,0,0,0 07-17:0,0,0,0 08-21:0,0,0,0
Thailand|05-15:0,0,0,0 05-20:0,0,0,0 05-22:0,0,0,0 05-27:0,0,0,0 05-29:0,0,0,0 06-01:0,0,0,0 06-02:0,0,0,0 06-07:0,0,0,0 06-09:0,0,0,0 06-10:0,0,0,0 06-11:0,0,0,0 06-12:0,0,0,0 06-13:0,0,0,0 06-14:0,0,0,0 06-16:0,0,0,0 06-19:0,0,0,0 06-20:0,0,0,0 06-21:0,0,0,0 06-22:0,0,0,0 06-25:0,0,0,0 06-27:0,0,0,0 06-28:0,0,1,0 06-30:0,0,0,0 07-03:0,0,0,0 07-05:0,0,0,0 07-06:0,0,0,0 07-08:0,0,0,0 07-11:0,0,0,0 07-12:0,0,0,0 07-13:0,0,0,0 07-16:0,0,0,0 07-17:0,0,0,0 07-18:0,0,1,0 07-20:1,0,1,0 07-21:1,0,1,0 07-25:0,0,0,0 07-31:0,0,0,0 08-02:0,0,0,0 08-08:0,0,0,0 08-16:0,0,0,0 08-18:0,0,0,0 08-19:0,0,0,0 08-20:0,0,0,0 08-29:0,0,0,0
The Netherlands|05-13:0,0,0,0 05-14:0,0,1,0 05-15:0,0,1,1 05-16:0,0,0,0 05-17:1,0,0,0 05-18:0,0,0,0 05-19:0,0,0,0 05-20:0,0,1,1 05-21:0,0,0,0 05-22:0,0,2,2 05-23:0,0,1,1 05-24:0,0,1,0 05-25:0,0,2,2 05-26:0,0,0,0 05-27:0,0,0,0 05-28:0,0,0,0 05-29:0,0,0,0 05-30:2,2,0,0 05-31:2,2,1,0 06-01:1,1,0,0 06-02:0,0,1,0 06-03:0,0,1,0 06-04:0,0,0,0 06-05:0,0,0,0 06-06:0,0,1,0 06-07:0,0,0,0 06-08:0,0,1,1 06-09:1,1,0,0 06-10:0,0,0,0 06-11:0,0,1,0 06-12:1,1,0,0 06-13:1,0,1,1 06-14:0,0,0,0 06-15:0,0,4,2 06-16:0,0,0,0 06-17:0,0,0,0 06-18:0,0,0,0 06-19:0,0,0,0 06-20:0,0,0,0 06-21:0,0,0,0 06-22:0,0,0,0 06-23:0,0,0,0 06-24:1,1,2,0 06-25:0,0,0,0 06-26:0,0,0,0 06-27:0,0,1,1 06-28:1,0,0,0 06-29:0,0,0,0 06-30:2,0,0,0 07-01:2,1,0,0 07-02:0,0,1,0 07-03:0,0,1,1 07-04:0,0,0,0 07-05:0,0,0,0 07-06:0,0,0,0 07-07:0,0,0,0 07-08:0,0,0,0 07-09:0,0,1,0 07-10:1,1,1,1 07-11:0,0,1,1 07-12:1,1,2,1 07-13:0,0,0,0 07-14:0,0,0,0 07-15:0,0,0,0 07-16:1,1,0,0 07-17:0,0,1,1 07-18:0,0,1,1 07-19:1,1,2,2 07-20:0,0,1,1 07-21:0,0,2,1 07-22:0,0,0,0 07-23:1,0,1,0 07-24:0,0,0,0 07-25:1,0,3,3 07-26:0,0,0,0 07-27:1,0,1,0 07-28:1,0,1,1 07-29:0,0,0,0 07-30:1,0,1,0 07-31:1,0,0,0 08-01:1,0,1,0 08-02:0,0,1,0 08-03:1,1,0,0 08-04:0,0,0,0 08-05:0,0,1,0 08-06:1,0,0,0 08-07:0,0,1,0 08-08:0,0,0,0 08-09:0,0,0,0 08-10:0,0,1,1 08-11:0,0,3,1 08-12:0,0,3,2 08-13:0,0,0,0 08-14:0,0,0,0 08-15:0,0,0,0 08-16:1,1,0,0 08-17:1,0,0,0 08-18:0,0,1,1 08-19:0,0,0,0 08-21:0,0,0,0 08-22:0,0,0,0 08-23:0,0,0,0 08-24:0,0,0,0 08-25:1,1,0,0 08-26:1,0,1,1 08-27:0,0,1,1 08-28:1,0,1,0 08-29:0,0,1,1
Timor-Leste|06-11:0,0,0,0
Togo|06-03:0,0,0,0 06-26:0,0,1,0 07-29:0,0,0,0 08-05:0,0,0,0 08-25:0,0,0,0
Trinidad and Tobago|06-10:0,0,1,1 06-24:0,0,1,0 06-30:0,0,0,0 07-09:0,0,0,0 07-14:0,0,0,0 07-21:0,0,0,0
Tunisia|05-14:0,0,0,0 05-15:0,0,0,0 05-16:0,0,0,0 05-18:0,0,0,0 05-21:0,0,0,0 05-22:0,0,0,0 05-26:0,0,0,0 06-03:0,0,0,0 06-05:0,0,0,0 06-06:0,0,2,1 06-09:0,0,0,0 06-10:0,0,1,1 06-13:0,0,0,0 06-14:0,0,0,0 06-19:0,0,0,0 06-20:0,0,0,0 06-21:0,0,0,0 06-25:0,0,0,0 06-26:0,0,0,0 06-27:0,0,0,0 06-29:0,0,0,0 07-01:0,0,0,0 07-02:0,0,0,0 07-05:0,0,0,0 07-08:0,0,0,0 07-09:0,0,3,0 07-12:0,0,0,0 07-13:1,0,0,0 07-16:0,0,0,0 07-17:0,0,0,0 07-18:0,0,0,0 07-19:0,0,0,0 07-25:0,0,0,0 07-26:0,0,0,0 07-28:0,0,1,0 07-29:0,0,0,0 07-30:0,0,0,0 07-31:0,0,1,1 08-06:0,0,0,0 08-09:0,0,0,0 08-14:0,0,0,0 08-15:0,0,0,0 08-17:0,0,0,0 08-18:0,0,0,0 08-22:0,0,0,0 08-24:0,0,1,0 08-26:0,0,0,0 08-28:0,0,0,0
Türkiye|05-17:0,0,0,0 05-20:0,0,0,0 05-25:0,0,0,0 05-27:0,0,0,0 05-28:0,0,0,0 05-29:0,0,0,0 05-30:0,0,0,0 06-01:0,0,0,0 06-02:0,0,0,0 06-03:0,0,0,0 06-04:0,0,0,0 06-06:0,0,0,0 06-07:0,0,0,0 06-10:0,0,3,3 06-11:0,0,1,1 06-12:0,0,1,1 06-14:0,0,0,0 06-15:0,0,0,0 06-17:0,0,1,1 06-18:0,0,0,0 06-19:0,0,0,0 06-21:0,0,0,0 06-24:0,0,0,0 06-25:0,0,0,0 06-29:0,0,0,0 06-30:1,0,0,0 07-01:0,0,0,0 07-02:0,0,1,1 07-03:0,0,1,1 07-06:0,0,0,0 07-07:0,0,0,0 07-08:0,0,0,0 07-09:0,0,2,2 07-10:0,0,0,0 07-11:0,0,1,1 07-16:1,0,0,0 07-17:0,0,0,0 07-18:0,0,0,0 07-19:1,0,0,0 07-20:0,0,0,0 07-21:0,0,0,0 07-22:0,0,0,0 07-23:0,0,0,0 07-24:0,0,0,0 07-25:0,0,0,0 07-26:0,0,1,0 07-27:0,0,0,0 07-28:0,0,0,0 07-29:1,0,0,0 07-30:0,0,0,0 07-31:0,0,0,0 08-01:1,0,0,0 08-02:0,0,1,0 08-03:0,0,0,0 08-04:0,0,1,1 08-06:0,0,0,0 08-08:0,0,0,0 08-10:0,0,0,0 08-11:1,0,0,0 08-13:0,0,0,0 08-14:0,0,0,0 08-16:0,0,0,0 08-21:0,0,0,0 08-22:0,0,1,1 08-28:0,0,0,0
Uganda|07-09:0,0,0,0 07-13:0,0,0,0 08-03:0,0,1,0 08-15:0,0,0,0 08-27:0,0,0,0
Ukraine|05-14:0,0,0,0 05-16:0,0,0,0 05-18:0,0,0,0 05-19:0,0,1,1 05-20:0,0,0,0 05-21:0,0,0,0 05-25:0,0,0,0 05-27:0,0,1,0 05-29:0,0,0,0 05-30:0,0,0,0 06-03:0,0,1,0 06-05:0,0,0,0 06-08:0,0,0,0 06-09:0,0,0,0 06-12:1,0,0,0 06-14:0,0,0,0 06-16:0,0,0,0 06-17:0,0,0,0 06-19:0,0,0,0 06-22:0,0,0,0 06-24:0,0,2,1 06-26:0,0,0,0 06-27:0,0,0,0 06-28:0,0,0,0 06-30:0,0,0,0 07-01:0,0,2,1 07-02:0,0,0,0 07-03:0,0,0,0 07-04:0,0,0,0 07-05:0,0,0,0 07-07:0,0,0,0 07-09:0,0,0,0 07-10:0,0,0,0 07-11:1,0,4,3 07-12:0,0,1,1 07-13:0,0,0,0 07-14:0,0,0,0 07-15:0,0,0,0 07-17:0,0,0,0 07-19:0,0,0,0 07-20:0,0,0,0 07-24:0,0,0,0 07-25:0,0,0,0 07-26:0,0,0,0 07-29:0,0,1,1 08-03:0,0,2,1 08-04:0,0,0,0 08-05:0,0,0,0 08-06:0,0,0,0 08-07:0,0,0,0 08-08:0,0,1,1 08-10:0,0,0,0 08-11:0,0,0,0 08-12:0,0,0,0 08-13:0,0,0,0 08-16:0,0,0,0 08-17:1,0,0,0 08-20:0,0,0,0 08-21:0,0,0,0 08-22:0,0,1,0 08-23:0,0,0,0 08-24:0,0,0,0 08-26:0,0,0,0 08-29:0,0,0,0
United Arab Emirates|05-16:0,0,0,0 05-30:0,0,0,0 06-29:0,0,0,0 07-22:0,0,0,0 07-29:0,0,0,0 08-11:0,0,0,0 08-13:0,0,0,0
United Kingdom|05-13:1,0,1,0 05-14:1,0,0,0 05-15:0,0,0,0 05-16:0,0,1,1 05-17:2,0,0,0 05-18:0,0,1,1 05-19:0,0,0,0 05-20:0,0,3,3 05-21:1,0,1,1 05-22:0,0,1,1 05-23:0,0,0,0 05-24:0,0,0,0 05-25:0,0,0,0 05-26:0,0,1,1 05-27:0,0,0,0 05-28:2,0,0,0 05-29:2,0,1,1 05-30:0,0,0,0 05-31:0,0,0,0 06-01:0,0,0,0 06-02:0,0,1,1 06-03:1,1,0,0 06-04:2,1,0,0 06-05:1,1,0,0 06-06:0,0,0,0 06-07:0,0,0,0 06-08:1,0,0,0 06-09:0,0,1,1 06-10:1,0,0,0 06-11:1,0,0,0 06-12:3,1,0,0 06-13:2,0,1,1 06-14:1,0,0,0 06-15:4,2,0,0 06-16:0,0,1,1 06-17:1,0,0,0 06-18:2,0,0,0 06-19:0,0,1,1 06-20:1,0,0,0 06-21:1,0,0,0 06-22:2,0,0,0 06-23:0,0,2,2 06-24:2,1,0,0 06-25:3,0,1,0 06-26:0,0,0,0 07-03:1,0,0,0 07-15:0,0,0,0 08-07:0,0,0,0
United States|05-13:1,0,1,0 05-14:0,0,0,0 05-15:2,0,0,0 05-16:0,0,7,5 05-17:1,0,2,0 05-18:1,0,3,1 05-19:1,0,2,1 05-20:0,0,2,0 05-21:0,0,2,1 05-22:0,0,1,1 05-23:1,0,3,2 05-24:0,0,0,0 05-25:2,1,8,3 05-26:0,0,2,1 05-27:2,0,3,0 05-28:1,0,0,0 05-29:1,0,4,2 05-30:0,0,2,1 05-31:0,0,4,3 06-01:0,0,2,0 06-02:0,0,3,0 06-03:0,0,7,1 06-04:1,0,2,1 06-05:1,0,2,0 06-06:0,0,5,0 06-07:0,0,4,0 06-08:0,0,1,0 06-09:1,0,5,2 06-10:3,0,5,1 06-11:4,0,9,3 06-12:1,0,2,0 06-13:2,0,1,0 06-14:3,0,5,2 06-15:0,0,4,1 06-16:4,0,3,0 06-17:1,0,2,0 06-18:3,0,2,1 06-19:0,0,1,1 06-20:2,0,3,1 06-21:1,0,1,0 06-22:2,0,1,0 06-23:0,0,5,2 06-24:0,0,5,1 06-25:2,0,6,2 06-26:1,0,5,3 06-27:2,0,2,0 06-28:3,0,3,2 06-29:3,0,5,1 06-30:0,0,6,0 07-01:0,0,3,2 07-02:1,0,4,2 07-03:2,0,5,4 07-04:2,0,3,0 07-05:2,0,4,1 07-06:2,0,5,0 07-07:3,0,5,3 07-08:0,0,3,3 07-09:0,0,3,2 07-10:0,0,2,0 07-11:2,0,1,1 07-12:1,0,6,3 07-13:3,0,3,3 07-14:1,0,5,4 07-15:2,0,6,2 07-16:1,0,4,1 07-17:3,0,5,2 07-18:2,0,5,3 07-19:4,0,2,0 07-20:1,0,9,4 07-21:2,0,4,0 07-22:2,0,1,0 07-23:2,0,2,0 07-24:3,0,7,4 07-25:0,0,0,0 07-26:1,0,2,0 07-27:2,0,4,1 07-28:0,0,3,0 07-29:0,0,0,0 07-30:0,0,1,1 07-31:2,0,1,1 08-01:1,0,0,0 08-02:1,0,3,0 08-03:0,0,1,0 08-04:2,0,2,0 08-05:5,2,6,4 08-06:1,0,4,0 08-07:1,0,3,3 08-08:0,0,3,1 08-09:1,0,4,1 08-10:0,0,3,0 08-11:0,0,2,1 08-12:0,0,3,1 08-13:0,0,3,0 08-14:0,0,2,0 08-15:3,1,2,1 08-16:2,0,3,1 08-17:2,0,1,0 08-18:0,0,3,0 08-19:0,0,2,0 08-20:0,0,5,2 08-21:0,0,7,5 08-22:0,0,3,1 08-23:1,0,7,5 08-24:0,0,5,3 08-25:0,0,2,1 08-26:0,0,3,2 08-27:0,0,2,1 08-28:0,0,1,1 08-29:0,0,2,0
Uruguay|05-30:0,0,0,0 06-06:0,0,1,1 06-10:0,0,0,0 06-13:0,0,5,0 06-14:0,0,0,0 06-17:0,0,0,0 06-19:0,0,0,0 06-21:1,0,0,0 06-23:0,0,0,0 06-24:0,0,2,2 06-26:0,0,0,0 07-06:0,0,0,0 07-26:0,0,1,1 08-03:0,0,0,0 08-08:0,0,6,6 08-11:0,0,0,0 08-15:0,0,0,0 08-20:0,0,0,0
Uzbekistan|05-13:0,0,0,0 05-14:0,0,0,0 05-22:0,0,0,0 05-27:0,0,0,0 06-03:0,0,0,0 06-04:0,0,0,0 06-05:0,0,0,0 06-08:0,0,0,0 06-13:0,0,0,0 06-15:0,0,0,0 06-16:0,0,0,0 06-20:0,0,0,0 06-24:0,0,0,0 06-27:0,0,0,0 07-02:0,0,0,0 07-09:0,0,0,0 07-18:0,0,0,0 07-22:0,0,0,0 07-25:0,0,0,0 07-26:0,0,0,0 08-12:0,0,0,0 08-13:0,0,0,0 08-19:0,0,0,0 08-20:0,0,1,1 08-21:0,0,0,0
Venezuela|05-18:0,0,0,0 05-21:0,0,0,0 05-26:0,0,0,0 06-03:0,0,0,0 06-08:0,0,0,0 06-13:0,0,1,0 06-21:0,0,0,0 06-25:0,0,0,0 06-26:0,0,3,0 06-27:0,0,1,0 06-28:0,0,2,0 06-29:0,0,0,0 06-30:0,0,2,0 07-01:0,0,1,0 07-08:0,0,1,1 07-09:0,0,0,0 07-10:0,0,1,0 07-11:0,0,0,0 07-12:1,0,2,0 07-13:0,0,1,0 07-14:0,0,0,0 07-15:0,0,0,0 07-16:1,0,0,0 07-17:0,0,0,0 07-18:0,0,1,0 07-19:0,0,0,0 07-20:0,0,0,0 07-21:0,0,0,0 07-22:0,0,0,0 07-23:0,0,0,0 07-24:0,0,0,0 07-25:0,0,0,0 07-26:0,0,0,0 07-29:0,0,0,0 07-30:0,0,0,0 07-31:0,0,0,0 08-02:0,0,0,0 08-03:0,0,1,0 08-05:0,0,0,0 08-06:0,0,1,1 08-08:0,0,0,0 08-11:0,0,0,0 08-14:0,0,0,0 08-19:0,0,0,0 08-27:0,0,0,0
Vietnam|05-13:0,0,1,1 05-15:0,0,0,0 05-18:0,0,0,0 05-21:0,0,0,0 05-22:0,0,0,0 05-23:0,0,0,0 05-24:0,0,0,0 05-25:0,0,0,0 05-26:0,0,0,0 05-27:0,0,0,0 05-28:0,0,0,0 06-02:0,0,0,0 06-04:0,0,0,0 06-08:0,0,0,0 06-11:0,0,0,0 06-12:0,0,0,0 06-14:0,0,0,0 06-15:0,0,0,0 06-20:0,0,0,0 06-21:0,0,0,0 06-22:0,0,0,0 06-23:0,0,0,0 06-24:0,0,1,1 06-26:0,0,1,1 06-27:0,0,0,0 06-29:0,0,0,0 07-03:0,0,0,0 07-05:0,0,1,1 07-11:0,0,2,2 07-13:0,0,0,0 07-14:0,0,1,1 07-15:0,0,0,0 07-16:0,0,0,0 07-17:0,0,0,0 07-20:0,0,0,0 07-21:0,0,0,0 07-27:0,0,0,0 07-28:0,0,0,0 07-29:0,0,0,0 08-05:0,0,0,0 08-06:0,0,0,0 08-11:0,0,0,0 08-12:0,0,0,0 08-13:0,0,1,1 08-15:0,0,2,2 08-16:0,0,0,0 08-18:0,0,0,0 08-19:0,0,0,0 08-20:0,0,0,0 08-22:0,0,0,0 08-25:0,0,0,0 08-26:0,0,0,0 08-27:0,0,1,0 08-29:0,0,0,0
Yemen|05-15:0,0,0,0 06-26:0,0,0,0
Zambia|05-18:0,0,0,0 06-04:0,0,0,0 06-26:0,0,0,0 06-30:0,0,1,0 07-12:0,0,0,0 07-29:0,0,0,0
Zimbabwe|07-19:0,0,0,0 08-21:0,0,0,0
Åland Islands|08-03:1,1,0,0 08-09:1,0,0,0