1005369|42702.97|223|3503.88|-1105.91|4609.80|151317.58
1040737|1098.31|52|355.50|212.80|142.69|13598.82
1080233|146133.96|2014|32902.07|15244.37|17657.70|1475772.39
1101257|2029.93|18|2344.65|2040.00|309.96|18324.78
1124432|2596.62|59|3789.30|2186.17|1603.13|43197.37
1193571|69050.68|12|35966.88|33819.04|2147.85|491887.31
1249432|11640.83|120|3171.55|-2701.94|5873.49|62937.16
1251685|2525.05|93|2872.94|2516.73|356.21|33856.06
1256817|1204.59|34|-20.40|-127.82|107.43|13151.26
1259365|7691.21|66|5816.17|1618.55|4196.95|274933.68
1269899|18714.33|257|19629.48|18512.89|1116.59|115781.67
1276720|0.00|0|25.62|0.25|25.37|29.25
1299394|42502.16|2498|25275.35|22812.07|2448.50|402316.10
1344755|224.26|6|283.82|102.29|181.53|905.01
1369727|0.00|0|104.36|-0.18|104.56|207.10
1397589|0.00|0|2.43|-0.03|2.46|4.63
1420828|429.57|14|437.53|429.51|8.04|1747.01
1459587|20318.47|432|16610.48|13129.77|3481.39|229127.31
1469055|155.14|5|238.44|155.48|83.47|1256.19
1481885|5208.93|84|-125.69|-659.14|533.56|45153.80
1482130|2191.50|11|1642.47|1357.21|285.26|11171.96
1538156|5850.30|63|5463.76|5062.08|401.69|33372.51
1575777|242.70|19|277.14|242.71|34.43|1391.97
1576698|20559.10|121|-4854.13|-6140.46|1286.33|1124299.99
1729879|7520.99|54|8093.39|6972.56|1120.83|53269.41
1735906|294.07|21|351.92|294.18|57.74|4365.61
1746221|969.88|24|189.63|-59.39|248.70|7665.41
1786889|60266.70|302|-16613.21|-19524.96|2911.75|584574.44
1795367|50878.94|1254|49656.24|41005.46|5139.28|1160227.17
1808018|1335.21|8|928.34|-58.80|987.14|5298.19
1824651|0.00|0|10.34|0.03|10.30|14.23
1841166|4923.43|231|2551.47|1660.96|883.44|166925.11
1856978|8167.01|120|7965.91|7272.75|693.17|67187.70
1873453|18637.18|285|10369.80|9260.08|1109.72|180468.85
1896828|19308.60|174|4071.08|556.75|3514.33|218342.90
2073729|38026.43|592|28957.74|24354.70|4603.04|516152.43
3007400|46376.47|1461|3973.22|-1703.46|5676.68|336510.12
3088128|26720.11|172|16590.23|13085.55|3504.68|90437.51
3113605|4403.57|80|187.87|-553.88|741.75|49783.32
3138688|8358.48|38|1250.13|-1536.30|2785.68|30912.06
3161831|2394.80|74|-97.68|-340.37|242.70|5724.60
3182682|10174.38|36|1026.95|-1268.27|2294.33|18188.69
3225139|16624.17|232|8800.20|7718.59|1081.60|148325.57
3233890|0.00|0|168.86|-0.08|168.94|202.84
3236663|0.00|0|222.33|-0.18|222.51|426.83
3244406|979.09|29|356.65|230.41|126.23|8332.61
3279208|1254.78|27|1324.03|681.06|642.97|23840.82
3316564|35263.41|523|14822.45|10899.05|3923.40|339563.10
3346063|4068.75|115|3050.84|3009.72|41.12|37494.95
3365363|59406.11|163|11520.16|6031.46|5488.70|549823.32
3371160|4557.60|79|4722.48|4064.01|658.47|33038.46
3373652|213.64|1|864.51|216.50|648.01|127642.91
3374175|112525.84|20|44096.58|40981.65|3114.93|129510.35
3382189|3679.66|108|1694.42|-183.27|1877.69|28558.63
3415548|405.72|12|449.35|305.83|143.52|1399.36
3438062|4144.81|209|37.77|-479.39|517.16|24784.02
3449495|0.00|0|1.97|-118.07|120.04|2.41
3470813|501.71|14|249.70|197.09|51.32|3842.07
3508000|97.38|6|129.37|97.45|31.92|2734.55
3508051|60.36|1|81.22|60.02|21.20|264.85
3512116|17135.15|14|20585.35|17156.19|3429.16|61149.21
3536110|3317.66|39|1293.36|611.83|681.53|20675.67
3537384|8084.75|33|-23054.64|-23600.91|546.27|375343.66
3558824|315.56|3|24.39|-36.96|61.36|1668.17
3569024|22810.51|9|5002.06|4667.48|334.58|73854.59
3571899|36.40|2|64.01|36.35|27.66|194.25
3588178|27.12|2|85.30|-334.12|419.43|343.53
3617928|13729.33|447|7255.64|6605.10|650.55|86439.70
3663586|159.46|5|122.13|71.05|51.08|644.54
3681159|42.03|1|75.05|42.08|32.98|333.68
3714245|4900.89|163|9493.45|4770.81|763.37|116734.40
3719668|115.47|3|93.22|57.66|35.56|976.57
3728784|7385.73|70|7105.23|6454.17|651.06|81982.49
3729199|0.00|0|0.84|-0.31|1.15|0.94
3736118|276.43|3|547.61|272.52|275.09|3491.72
3738552|20230.56|176|10596.10|9536.45|1059.65|135955.43
3741865|76.41|3|76.06|76.06|0.00|1185.59
3743026|325.14|57|304.97|274.93|22.26|5073.70
3752484|33829.00|576|15310.10|13280.81|2029.29|382110.34
3758988|819.36|156|460.71|378.85|54.77|7182.96
3768156|7933.50|191|9088.59|8002.16|1086.44|116083.89
3780956|17.33|1|-26.17|-26.17|0.00|88.78
3782789|13234.20|110|2783.57|169.77|2613.79|81691.80
3798627|2827.24|10|-1672.22|-2180.23|508.00|40345.17
3801652|157.18|1|173.23|157.04|16.20|282.38
3801917|9084.88|301|1274.34|442.42|831.93|103070.02
3801937|707.90|83|160.16|153.64|6.52|4290.40
3802103|40286.08|675|23123.84|17538.61|5585.23|197044.85
3822024|2613.53|58|1862.18|1736.69|125.49|16571.23
3842975|5588.43|40|1656.44|1067.58|588.87|35042.95
3899147|3186.09|110|2489.92|2286.05|203.87|16511.36
3901185|2821.34|39|-40.61|-414.95|374.34|35159.62
3901678|2310.25|18|-1903.66|-2180.80|277.14|34749.33
3908573|4485.36|70|-932.51|-1606.41|673.90|79072.29
3915047|21762.70|339|8458.00|7560.24|897.77|118789.55
3916179|1364.50|4|-336.41|-516.87|180.46|1439.42
3917519|13400.58|23|1674.03|-705.32|2379.35|34884.15
3922775|13332.62|180|6791.98|4307.86|2484.13|68397.57
3924095|6411.88|79|2032.58|263.78|1768.80|47734.69
3928716|97.93|3|-41.16|-78.31|37.15|183.09
3930481|10533.29|113|691.35|457.60|233.75|93376.57
3931006|10737.55|165|-1685.35|-1913.72|228.37|192062.08
3932909|5974.68|19|1004.39|892.11|112.27|7206.24
3934733|665.44|27|-479.08|-650.09|171.01|11304.25
3936668|1087.23|23|1037.37|936.37|101.00|7208.31
3938547|88.43|2|88.54|87.87|0.67|413.10
3939934|21735.73|64|13562.29|11650.47|1911.82|162182.45
3940242|1277.69|27|-397.82|-447.60|49.78|5716.33
3940267|8171.41|77|5268.78|4456.83|811.95|64554.75
3940331|2145.53|41|606.09|511.79|94.30|16564.58
3940615|2931.89|6|136.39|-489.36|625.75|4255.17
3942367|193.19|3|13.10|-4.19|17.29|3644.02
3942907|5501.83|65|5795.64|5105.49|863.77|25176.63
3943607|2000.89|5|2074.55|1996.79|77.76|5362.24
3944136|13732.83|7|-37498.10|-38142.09|643.98|857279.02
3944312|52.90|8|55.77|52.70|3.07|288.87
3944556|752.70|8|429.99|379.03|50.96|2731.39
3945134|1547.24|3|-435.97|-451.74|15.76|4455.88
3946002|944.90|2|1036.77|944.70|92.08|2348.24
3946844|43.29|1|53.88|43.33|10.55|481.09
3947411|4356.29|13|1374.29|1178.50|195.79|9686.27
3948260|36239.46|4|-28820.88|-29068.15|247.27|109320.20
3948554|16823.80|2|-18732.30|-18732.30|0.00|37497.20
3950109|17.52|4|17.41|17.41|0.00|24.95
3950341|988.24|3|241.45|88.06|153.38|7884.41
3950747|26.42|2|5.98|-17.06|23.04|221.06
